,<TICKER>,<DTYYYYMMDD>,<HIGH>,<LOW>,<CLOSE>,<VALUE>,<VOL>,<OPENINT>,<PER>,<OPEN>,<LAST>
0,Tukafoolad.Inv.,20030416,1731.0,1730.0,1730.0,1712780000,990000,50,D,1730.0,1730.0
1,Tukafoolad.Inv.,20030419,1730.0,1730.0,1730.0,173000000,100000,22,D,1730.0,1730.0
2,Tukafoolad.Inv.,20030420,1734.0,1732.0,1733.0,86650050,50000,10,D,1730.0,1733.0
3,Tukafoolad.Inv.,20030421,1770.0,1761.0,1770.0,176591314,100000,15,D,1733.0,1770.0
4,Tukafoolad.Inv.,20030422,1800.0,1798.0,1799.0,89933538,50000,17,D,1770.0,1799.0
5,Tukafoolad.Inv.,20030426,1888.0,1832.0,1832.0,495484210,267562,74,D,1799.0,1832.0
6,Tukafoolad.Inv.,20030427,1920.0,1834.0,1920.0,201241517,109532,21,D,1832.0,1920.0
7,Tukafoolad.Inv.,20030428,1958.0,1930.0,1942.0,213666432,110000,19,D,1920.0,1942.0
8,Tukafoolad.Inv.,20030429,2039.0,1980.0,1980.0,620187257,310000,64,D,1942.0,1980.0
9,Tukafoolad.Inv.,20030430,2079.0,2000.0,2000.0,1626977581,791875,107,D,1980.0,2000.0
10,Tukafoolad.Inv.,20030503,2100.0,2033.0,2100.0,429539730,206310,35,D,2000.0,2100.0
11,Tukafoolad.Inv.,20030504,2157.0,2157.0,2157.0,45888018,21274,7,D,2100.0,2157.0
12,Tukafoolad.Inv.,20030506,2264.0,2264.0,2264.0,24904000,11000,5,D,2157.0,2264.0
13,Tukafoolad.Inv.,20030507,2377.0,2377.0,2377.0,23579840,9920,3,D,2264.0,2377.0
14,Tukafoolad.Inv.,20030510,2495.0,2264.0,2264.0,547714929,221836,103,D,2377.0,2264.0
15,Tukafoolad.Inv.,20030511,2310.0,2200.0,2310.0,127214876,55456,27,D,2264.0,2310.0
16,Tukafoolad.Inv.,20030512,2350.0,2310.0,2350.0,26002700,11170,8,D,2310.0,2350.0
17,Tukafoolad.Inv.,20030513,2360.0,2349.0,2350.0,576167228,244725,51,D,2350.0,2350.0
18,Tukafoolad.Inv.,20030514,2250.0,2233.0,2233.0,56028000,25000,8,D,2350.0,2233.0
19,Tukafoolad.Inv.,20030517,2220.0,2151.0,2152.0,29749766,13718,11,D,2233.0,2152.0
20,Tukafoolad.Inv.,20030518,2228.0,2156.0,2228.0,52121756,23800,6,D,2152.0,2228.0
21,Tukafoolad.Inv.,20030520,2232.0,2208.0,2208.0,74435804,33380,14,D,2228.0,2208.0
22,Tukafoolad.Inv.,20030521,2207.0,2150.0,2160.0,27846300,12900,7,D,2208.0,2160.0
23,Tukafoolad.Inv.,20030524,2071.0,2070.0,2071.0,12586600,6080,2,D,2160.0,2071.0
24,Tukafoolad.Inv.,20030525,2100.0,2075.0,2100.0,3755000,1800,2,D,2071.0,2100.0
25,Tukafoolad.Inv.,20030526,2205.0,2174.0,2205.0,330600760,150072,26,D,2100.0,2205.0
26,Tukafoolad.Inv.,20030527,2315.0,2206.0,2315.0,215849815,93947,21,D,2205.0,2315.0
27,Tukafoolad.Inv.,20030528,2400.0,2300.0,2353.0,129684595,55333,20,D,2315.0,2353.0
28,Tukafoolad.Inv.,20030531,2353.0,2324.0,2353.0,59465298,25350,11,D,2353.0,2353.0
29,Tukafoolad.Inv.,20030601,2353.0,2326.0,2328.0,159364321,68406,24,D,2353.0,2328.0
30,Tukafoolad.Inv.,20030603,2214.0,2212.0,2212.0,12705574,5741,5,D,2328.0,2212.0
31,Tukafoolad.Inv.,20030607,2105.0,2102.0,2103.0,207026074,98442,25,D,2212.0,2103.0
32,Tukafoolad.Inv.,20030608,2156.0,2110.0,2156.0,2558000,1200,6,D,2103.0,2156.0
33,Tukafoolad.Inv.,20030609,2207.0,2152.0,2207.0,37960340,17360,8,D,2156.0,2207.0
34,Tukafoolad.Inv.,20030611,2207.0,2160.0,2207.0,71060825,32527,10,D,2207.0,2207.0
35,Tukafoolad.Inv.,20030614,2207.0,2107.0,2107.0,102228496,47160,11,D,2207.0,2107.0
36,Tukafoolad.Inv.,20030615,2107.0,2049.0,2050.0,124255513,60011,18,D,2107.0,2050.0
37,Tukafoolad.Inv.,20030616,2100.0,2100.0,2100.0,43995000,20950,3,D,2050.0,2100.0
38,Tukafoolad.Inv.,20030617,2119.0,2100.0,2119.0,71209000,33900,11,D,2100.0,2119.0
39,Tukafoolad.Inv.,20030618,2152.0,2150.0,2152.0,8127360,3780,2,D,2119.0,2152.0
40,Tukafoolad.Inv.,20030622,2200.0,2198.0,2200.0,18503976,8412,2,D,2152.0,2200.0
41,Tukafoolad.Inv.,20030623,2158.0,2158.0,2158.0,2158000,1000,1,D,2200.0,2158.0
42,Tukafoolad.Inv.,20030624,2167.0,2166.0,2166.0,40885343,18873,7,D,2158.0,2166.0
43,Tukafoolad.Inv.,20030625,2167.0,2164.0,2167.0,10343700,4775,8,D,2166.0,2167.0
44,Tukafoolad.Inv.,20030628,2167.0,2100.0,2167.0,47017300,21850,6,D,2167.0,2167.0
45,Tukafoolad.Inv.,20030629,2168.0,2166.0,2168.0,53642326,24761,6,D,2167.0,2168.0
46,Tukafoolad.Inv.,20030630,2199.0,2101.0,2199.0,83616540,39160,5,D,2168.0,2199.0
47,Tukafoolad.Inv.,20030701,2200.0,2190.0,2200.0,166527160,75769,21,D,2199.0,2200.0
48,Tukafoolad.Inv.,20030702,2220.0,2199.0,2220.0,33983680,15395,9,D,2200.0,2220.0
49,Tukafoolad.Inv.,20030705,2250.0,2222.0,2250.0,15137600,6800,4,D,2220.0,2250.0
50,Tukafoolad.Inv.,20030706,2362.0,2300.0,2362.0,11574400,5000,3,D,2250.0,2362.0
51,Tukafoolad.Inv.,20030707,2402.0,2363.0,2401.0,11082972,4637,5,D,2362.0,2401.0
52,Tukafoolad.Inv.,20030708,2440.0,2401.0,2440.0,56268803,23203,10,D,2401.0,2440.0
53,Tukafoolad.Inv.,20030709,2460.0,2448.0,2449.0,131981962,53872,20,D,2440.0,2449.0
54,Tukafoolad.Inv.,20030715,5000.0,2500.0,3200.0,43060000,13000,13,D,2449.0,3200.0
55,Tukafoolad.Inv.,20030716,3200.0,3199.0,3200.0,28791200,9000,5,D,3200.0,3200.0
56,Tukafoolad.Inv.,20030719,3200.0,3180.0,3190.0,186844020,58588,15,D,3200.0,3190.0
57,Tukafoolad.Inv.,20030720,3169.0,3062.0,3062.0,42096597,13562,13,D,3190.0,3062.0
58,Tukafoolad.Inv.,20030721,3180.0,3140.0,3180.0,279595336,88292,28,D,3062.0,3180.0
59,Tukafoolad.Inv.,20030722,3339.0,3338.0,3339.0,3338050,1000,2,D,3180.0,3339.0
60,Tukafoolad.Inv.,20030723,3200.0,3200.0,3200.0,51504000,16095,7,D,3339.0,3200.0
61,Tukafoolad.Inv.,20030726,3195.0,3160.0,3160.0,51369101,16190,5,D,3200.0,3160.0
62,Tukafoolad.Inv.,20030727,3002.0,3002.0,3002.0,47782834,15917,5,D,3160.0,3002.0
63,Tukafoolad.Inv.,20030728,3100.0,3100.0,3100.0,56854000,18340,9,D,3002.0,3100.0
64,Tukafoolad.Inv.,20030729,3255.0,3100.0,3255.0,249629200,77325,20,D,3100.0,3255.0
65,Tukafoolad.Inv.,20030730,3200.0,3200.0,3200.0,2496000,780,1,D,3255.0,3200.0
66,Tukafoolad.Inv.,20030826,3170.0,3170.0,3170.0,15723200,4960,1,D,3200.0,3170.0
67,Tukafoolad.Inv.,20030827,3270.0,3170.0,3170.0,18082954,5533,6,D,3170.0,3170.0
68,Tukafoolad.Inv.,20030830,3328.0,3170.0,3170.0,52003170,15626,9,D,3170.0,3170.0
69,Tukafoolad.Inv.,20030831,3328.0,3170.0,3170.0,61676244,18533,12,D,3170.0,3170.0
70,Tukafoolad.Inv.,20030901,3328.0,3170.0,3170.0,6654420,2000,6,D,3170.0,3170.0
71,Tukafoolad.Inv.,20030902,3328.0,3170.0,3170.0,17134292,5149,14,D,3170.0,3170.0
72,Tukafoolad.Inv.,20030903,3328.0,3170.0,3170.0,8002260,2405,2,D,3170.0,3170.0
73,Tukafoolad.Inv.,20030906,3328.0,3170.0,3170.0,131740628,39586,19,D,3170.0,3170.0
74,Tukafoolad.Inv.,20030907,3170.0,3170.0,3170.0,17292350,5455,2,D,3170.0,3170.0
75,Tukafoolad.Inv.,20030908,3220.0,3062.0,3170.0,87188975,27561,16,D,3170.0,3170.0
76,Tukafoolad.Inv.,20030909,3220.0,3170.0,3170.0,94875860,29523,9,D,3170.0,3170.0
77,Tukafoolad.Inv.,20030913,3180.0,3170.0,3170.0,31740200,10000,2,D,3170.0,3170.0
78,Tukafoolad.Inv.,20030914,3170.0,3150.0,3170.0,30880231,9790,9,D,3170.0,3170.0
79,Tukafoolad.Inv.,20030915,3170.0,3150.0,3170.0,11321300,3594,5,D,3170.0,3170.0
80,Tukafoolad.Inv.,20030916,3170.0,3170.0,3170.0,9693860,3058,4,D,3170.0,3170.0
81,Tukafoolad.Inv.,20030917,3170.0,3170.0,3170.0,46282000,14600,9,D,3170.0,3170.0
82,Tukafoolad.Inv.,20030920,3170.0,3170.0,3170.0,20509900,6470,6,D,3170.0,3170.0
83,Tukafoolad.Inv.,20030921,3170.0,3149.0,3159.0,97093968,30733,11,D,3170.0,3159.0
84,Tukafoolad.Inv.,20030922,3171.0,3159.0,3159.0,3201690,1010,3,D,3159.0,3159.0
85,Tukafoolad.Inv.,20030923,3172.0,3170.0,3170.0,60241429,19000,9,D,3159.0,3170.0
86,Tukafoolad.Inv.,20030927,3310.0,3300.0,3305.0,74408050,22510,8,D,3170.0,3305.0
87,Tukafoolad.Inv.,20030928,3221.0,3200.0,3209.0,80773450,25170,8,D,3305.0,3209.0
88,Tukafoolad.Inv.,20030929,3209.0,3209.0,3209.0,19254000,6000,2,D,3209.0,3209.0
89,Tukafoolad.Inv.,20031104,3310.0,3305.0,3305.0,3970260,1201,3,D,3209.0,3305.0
90,Tukafoolad.Inv.,20031105,3470.0,3470.0,3470.0,62460000,18000,3,D,3305.0,3470.0
91,Tukafoolad.Inv.,20031108,3643.0,3643.0,3643.0,65533927,17989,4,D,3470.0,3643.0
92,Tukafoolad.Inv.,20031109,3825.0,3825.0,3825.0,155543625,40665,22,D,3643.0,3825.0
93,Tukafoolad.Inv.,20031110,3827.0,3825.0,3825.0,257797668,67389,33,D,3825.0,3825.0
94,Tukafoolad.Inv.,20031111,4016.0,3825.0,3949.0,859277447,214477,15,D,3825.0,3949.0
95,Tukafoolad.Inv.,20031112,3950.0,3826.0,3935.0,176225080,44780,13,D,3949.0,3935.0
96,Tukafoolad.Inv.,20031115,3935.0,3935.0,3935.0,14886105,3783,3,D,3935.0,3935.0
97,Tukafoolad.Inv.,20031117,3935.0,3934.0,3934.0,5917240,1504,3,D,3935.0,3934.0
98,Tukafoolad.Inv.,20031118,3935.0,3933.0,3934.0,37626926,9564,14,D,3934.0,3934.0
99,Tukafoolad.Inv.,20031119,3935.0,3934.0,3934.0,77849735,19787,15,D,3934.0,3934.0
100,Tukafoolad.Inv.,20031122,3934.0,3930.0,3932.0,22752806,5789,5,D,3934.0,3932.0
101,Tukafoolad.Inv.,20031123,3928.0,3884.0,3928.0,4450999,1145,4,D,3932.0,3928.0
102,Tukafoolad.Inv.,20031124,3925.0,3874.0,3925.0,2619334,676,2,D,3928.0,3925.0
103,Tukafoolad.Inv.,20031125,3909.0,3875.0,3909.0,19886840,5132,3,D,3925.0,3909.0
104,Tukafoolad.Inv.,20031129,3904.0,3873.0,3904.0,8970178,2316,5,D,3909.0,3904.0
105,Tukafoolad.Inv.,20031130,3902.0,3847.0,3902.0,2074883,539,3,D,3904.0,3902.0
106,Tukafoolad.Inv.,20031201,3750.0,3707.0,3732.0,66392780,17790,5,D,3902.0,3732.0
107,Tukafoolad.Inv.,20031202,3707.0,3600.0,3619.0,246807138,68195,30,D,3732.0,3619.0
108,Tukafoolad.Inv.,20031203,3750.0,3620.0,3683.0,55675443,15082,14,D,3619.0,3683.0
109,Tukafoolad.Inv.,20031206,3683.0,3683.0,3683.0,52655851,14297,9,D,3683.0,3683.0
110,Tukafoolad.Inv.,20031207,3720.0,3694.0,3694.0,18636940,5010,6,D,3683.0,3694.0
111,Tukafoolad.Inv.,20031208,3724.0,3710.0,3710.0,37258593,10010,7,D,3694.0,3710.0
112,Tukafoolad.Inv.,20031209,3726.0,3717.0,3717.0,37305630,10020,10,D,3710.0,3717.0
113,Tukafoolad.Inv.,20031210,3714.0,3701.0,3711.0,22284064,6018,6,D,3717.0,3711.0
114,Tukafoolad.Inv.,20031213,3710.0,3650.0,3677.0,52876320,14398,9,D,3711.0,3677.0
115,Tukafoolad.Inv.,20031214,3697.0,3677.0,3681.0,43355042,11771,6,D,3677.0,3681.0
116,Tukafoolad.Inv.,20031215,3681.0,3678.0,3680.0,13839890,3762,4,D,3681.0,3680.0
117,Tukafoolad.Inv.,20031217,3679.0,3671.0,3679.0,6442685,1755,3,D,3680.0,3679.0
118,Tukafoolad.Inv.,20031222,3500.0,3496.0,3497.0,110203034,31510,18,D,3679.0,3497.0
119,Tukafoolad.Inv.,20031224,3500.0,3497.0,3497.0,9602970,2744,4,D,3497.0,3497.0
120,Tukafoolad.Inv.,20031227,3497.0,3497.0,3497.0,14124383,4039,2,D,3497.0,3497.0
121,Tukafoolad.Inv.,20031228,3503.0,3497.0,3498.0,208158672,59494,22,D,3497.0,3498.0
122,Tukafoolad.Inv.,20031229,3500.0,3498.0,3498.0,15800746,4515,3,D,3498.0,3498.0
123,Tukafoolad.Inv.,20031230,3501.0,3498.0,3498.0,25413830,7260,6,D,3498.0,3498.0
124,Tukafoolad.Inv.,20040103,3500.0,3498.0,3498.0,22004590,6289,3,D,3498.0,3498.0
125,Tukafoolad.Inv.,20040104,3497.0,3400.0,3493.0,19181925,5505,6,D,3498.0,3493.0
126,Tukafoolad.Inv.,20040105,3497.0,3493.0,3493.0,10004877,2861,4,D,3493.0,3493.0
127,Tukafoolad.Inv.,20040106,3497.0,3490.0,3494.0,113458164,32470,13,D,3493.0,3494.0
128,Tukafoolad.Inv.,20040107,3500.0,3494.0,3494.0,29585420,8464,5,D,3494.0,3494.0
129,Tukafoolad.Inv.,20040110,3498.0,3487.0,3495.0,63255874,18096,5,D,3494.0,3495.0
130,Tukafoolad.Inv.,20040111,3400.0,3321.0,3330.0,435050493,130643,31,D,3495.0,3330.0
131,Tukafoolad.Inv.,20040112,3496.0,3493.0,3495.0,1337666213,382629,58,D,3330.0,3495.0
132,Tukafoolad.Inv.,20040113,3493.0,3490.0,3493.0,12249930,3510,5,D,3495.0,3493.0
133,Tukafoolad.Inv.,20040114,3550.0,3540.0,3540.0,221379939,62523,13,D,3493.0,3540.0
134,Tukafoolad.Inv.,20040117,3717.0,3571.0,3571.0,11186710,3010,2,D,3540.0,3571.0
135,Tukafoolad.Inv.,20040118,3749.0,3576.0,3576.0,1910260,510,2,D,3571.0,3576.0
136,Tukafoolad.Inv.,20040120,3754.0,3754.0,3754.0,76206200,20300,13,D,3576.0,3754.0
137,Tukafoolad.Inv.,20040121,3941.0,3790.0,3790.0,14056037,3567,5,D,3754.0,3790.0
138,Tukafoolad.Inv.,20040125,3979.0,3828.0,3828.0,14665084,3686,8,D,3790.0,3828.0
139,Tukafoolad.Inv.,20040127,4019.0,3968.0,3968.0,53371810,13280,5,D,3828.0,3968.0
140,Tukafoolad.Inv.,20040128,4166.0,4165.0,4165.0,272970986,65526,28,D,3968.0,4165.0
141,Tukafoolad.Inv.,20040131,4220.0,4166.0,4209.0,142878156,33941,16,D,4165.0,4209.0
142,Tukafoolad.Inv.,20040201,4171.0,4000.0,4171.0,12933710,3233,4,D,4209.0,4171.0
143,Tukafoolad.Inv.,20040203,4163.0,4000.0,4163.0,3405630,850,3,D,4171.0,4163.0
144,Tukafoolad.Inv.,20040204,4145.0,4000.0,4145.0,9042850,2247,4,D,4163.0,4145.0
145,Tukafoolad.Inv.,20040207,4147.0,4145.0,4145.0,26992250,6510,4,D,4145.0,4145.0
146,Tukafoolad.Inv.,20040208,4147.0,4145.0,4145.0,92068000,22207,10,D,4145.0,4145.0
147,Tukafoolad.Inv.,20040209,4147.0,4146.0,4146.0,179217390,43226,17,D,4145.0,4146.0
148,Tukafoolad.Inv.,20040214,4146.0,4146.0,4146.0,21509448,5188,1,D,4146.0,4146.0
149,Tukafoolad.Inv.,20040215,4148.0,4146.0,4146.0,45657565,11010,8,D,4146.0,4146.0
150,Tukafoolad.Inv.,20040216,4147.0,4145.0,4145.0,45473046,10968,10,D,4146.0,4145.0
151,Tukafoolad.Inv.,20040217,4113.0,4000.0,4113.0,15926147,3981,5,D,4145.0,4113.0
152,Tukafoolad.Inv.,20040218,4113.0,4113.0,4113.0,41130000,10000,6,D,4113.0,4113.0
153,Tukafoolad.Inv.,20040221,4103.0,4000.0,4103.0,6041030,1510,2,D,4113.0,4103.0
154,Tukafoolad.Inv.,20040222,4076.0,4000.0,4076.0,18564760,4641,5,D,4103.0,4076.0
155,Tukafoolad.Inv.,20040223,4065.0,3990.0,4065.0,9485030,2372,4,D,4076.0,4065.0
156,Tukafoolad.Inv.,20040224,4064.0,3989.0,4064.0,431562,108,3,D,4065.0,4064.0
157,Tukafoolad.Inv.,20040225,4050.0,3940.0,4050.0,10561500,2660,3,D,4064.0,4050.0
158,Tukafoolad.Inv.,20040228,4000.0,3988.0,3994.0,127274980,31860,14,D,4050.0,3994.0
159,Tukafoolad.Inv.,20040229,4000.0,3994.0,3994.0,41459700,10380,4,D,3994.0,3994.0
160,Tukafoolad.Inv.,20040303,4000.0,3999.0,3999.0,70731990,17683,8,D,3994.0,3999.0
161,Tukafoolad.Inv.,20040306,4000.0,4000.0,4000.0,84872000,21218,5,D,3999.0,4000.0
162,Tukafoolad.Inv.,20040307,4150.0,4049.0,4122.0,78246699,18981,8,D,4000.0,4122.0
163,Tukafoolad.Inv.,20040308,4328.0,4111.0,4299.0,144084990,33510,10,D,4122.0,4299.0
164,Tukafoolad.Inv.,20040309,4513.0,4332.0,4332.0,12679720,2810,2,D,4299.0,4332.0
165,Tukafoolad.Inv.,20040313,4548.0,4548.0,4548.0,255738588,56231,20,D,4332.0,4548.0
166,Tukafoolad.Inv.,20040413,4000.0,3000.0,3473.0,66034730,19010,19,D,4548.0,3473.0
167,Tukafoolad.Inv.,20040414,3474.0,3473.0,3473.0,1896794,546,2,D,3473.0,3473.0
168,Tukafoolad.Inv.,20040418,3646.0,3480.0,3480.0,3680800,1010,2,D,3473.0,3480.0
169,Tukafoolad.Inv.,20040426,3654.0,3490.0,3490.0,5515900,1510,3,D,3480.0,3490.0
170,Tukafoolad.Inv.,20040427,3664.0,3516.0,3516.0,13225560,3610,5,D,3490.0,3516.0
171,Tukafoolad.Inv.,20040428,3691.0,3523.0,3523.0,3726230,1010,2,D,3516.0,3523.0
172,Tukafoolad.Inv.,20040501,3699.0,3543.0,3543.0,10281660,2780,3,D,3523.0,3543.0
173,Tukafoolad.Inv.,20040502,3720.0,3574.0,3574.0,15678340,4215,11,D,3543.0,3574.0
174,Tukafoolad.Inv.,20040503,3752.0,3574.0,3574.0,410940,110,2,D,3574.0,3574.0
175,Tukafoolad.Inv.,20040504,3752.0,3646.0,3646.0,36806060,9810,4,D,3574.0,3646.0
176,Tukafoolad.Inv.,20040505,3828.0,3820.0,3820.0,88082200,23010,9,D,3646.0,3820.0
177,Tukafoolad.Inv.,20040508,4011.0,4011.0,4011.0,96264000,24000,13,D,3820.0,4011.0
178,Tukafoolad.Inv.,20040516,4211.0,4153.0,4153.0,72074896,17116,10,D,4011.0,4153.0
179,Tukafoolad.Inv.,20040517,4360.0,4238.0,4238.0,43241260,9918,10,D,4153.0,4238.0
180,Tukafoolad.Inv.,20040518,4449.0,4300.0,4406.0,1014746647,230258,88,D,4238.0,4406.0
181,Tukafoolad.Inv.,20040519,4590.0,4406.0,4493.0,186613114,41528,27,D,4406.0,4493.0
182,Tukafoolad.Inv.,20040522,4649.0,4493.0,4543.0,122926498,27058,16,D,4493.0,4543.0
183,Tukafoolad.Inv.,20040523,4700.0,4505.0,4647.0,172730026,37167,17,D,4543.0,4647.0
184,Tukafoolad.Inv.,20040524,4879.0,4645.0,4664.0,375461601,80487,30,D,4647.0,4664.0
185,Tukafoolad.Inv.,20040525,4897.0,4785.0,4833.0,219572287,45425,33,D,4664.0,4833.0
186,Tukafoolad.Inv.,20040526,5074.0,4889.0,4889.0,28463290,5610,5,D,4833.0,4889.0
187,Tukafoolad.Inv.,20040529,5133.0,5016.0,5016.0,64212660,12510,6,D,4889.0,5016.0
188,Tukafoolad.Inv.,20040530,5266.0,5266.0,5266.0,400531960,76060,34,D,5016.0,5266.0
189,Tukafoolad.Inv.,20040531,5529.0,5266.0,5353.0,733109844,136952,57,D,5266.0,5353.0
190,Tukafoolad.Inv.,20040601,5451.0,5353.0,5404.0,207651773,38419,46,D,5353.0,5404.0
191,Tukafoolad.Inv.,20040602,5500.0,5452.0,5487.0,216635140,39480,25,D,5404.0,5487.0
192,Tukafoolad.Inv.,20040605,5486.0,5213.0,5303.0,189048597,35643,21,D,5487.0,5303.0
193,Tukafoolad.Inv.,20040606,5300.0,5038.0,5132.0,172964474,33703,22,D,5303.0,5132.0
194,Tukafoolad.Inv.,20040607,5036.0,4876.0,4900.0,146093192,29809,22,D,5132.0,4900.0
195,Tukafoolad.Inv.,20040608,5145.0,4655.0,4851.0,486075181,100186,45,D,4900.0,4851.0
196,Tukafoolad.Inv.,20040609,5093.0,5093.0,5093.0,157164887,30859,26,D,4851.0,5093.0
197,Tukafoolad.Inv.,20040612,5338.0,5093.0,5113.0,31008474,5989,6,D,5093.0,5113.0
198,Tukafoolad.Inv.,20040613,5110.0,5000.0,5061.0,163537010,32312,17,D,5113.0,5061.0
199,Tukafoolad.Inv.,20040614,5063.0,4899.0,4988.0,81305236,16407,13,D,5061.0,4988.0
200,Tukafoolad.Inv.,20040615,4915.0,4800.0,4915.0,46227070,9617,11,D,4988.0,4915.0
201,Tukafoolad.Inv.,20040616,4900.0,4811.0,4864.0,288544842,59319,22,D,4915.0,4864.0
202,Tukafoolad.Inv.,20040619,4864.0,4700.0,4713.0,172697877,36637,19,D,4864.0,4713.0
203,Tukafoolad.Inv.,20040620,4779.0,4478.0,4683.0,14544102,3234,7,D,4713.0,4683.0
204,Tukafoolad.Inv.,20040621,4703.0,4611.0,4656.0,193153380,41481,42,D,4683.0,4656.0
205,Tukafoolad.Inv.,20040622,4700.0,4550.0,4611.0,173416365,37604,30,D,4656.0,4611.0
206,Tukafoolad.Inv.,20040623,4796.0,4700.0,4709.0,76578146,16094,26,D,4611.0,4709.0
207,Tukafoolad.Inv.,20040626,4759.0,4510.0,4693.0,144151091,30714,20,D,4709.0,4693.0
208,Tukafoolad.Inv.,20040627,4646.0,4598.0,4646.0,55076323,11974,12,D,4693.0,4646.0
209,Tukafoolad.Inv.,20040628,4650.0,4501.0,4614.0,66029096,14375,22,D,4646.0,4614.0
210,Tukafoolad.Inv.,20040629,4600.0,4500.0,4589.0,45336073,9953,16,D,4614.0,4589.0
211,Tukafoolad.Inv.,20040630,4580.0,4360.0,4517.0,51838000,11670,14,D,4589.0,4517.0
212,Tukafoolad.Inv.,20040703,4589.0,4350.0,4459.0,157125903,35234,21,D,4517.0,4459.0
213,Tukafoolad.Inv.,20040704,4461.0,4350.0,4403.0,144694844,32856,16,D,4459.0,4403.0
214,Tukafoolad.Inv.,20040705,4600.0,4390.0,4411.0,37935910,8568,9,D,4403.0,4411.0
215,Tukafoolad.Inv.,20040706,4500.0,4399.0,4405.0,193217676,43857,32,D,4411.0,4405.0
216,Tukafoolad.Inv.,20040707,4456.0,4405.0,4411.0,25250687,5697,11,D,4405.0,4411.0
217,Tukafoolad.Inv.,20040710,4631.0,4594.0,4594.0,154424956,33346,12,D,4411.0,4594.0
218,Tukafoolad.Inv.,20040711,4823.0,4800.0,4813.0,193738551,40248,31,D,4594.0,4813.0
219,Tukafoolad.Inv.,20040712,5053.0,4921.0,4921.0,91175012,18044,8,D,4813.0,4921.0
220,Tukafoolad.Inv.,20040713,5167.0,5032.0,5032.0,93433511,18083,14,D,4921.0,5032.0
221,Tukafoolad.Inv.,20040714,5283.0,5283.0,5283.0,216048285,40895,33,D,5032.0,5283.0
222,Tukafoolad.Inv.,20040717,5458.0,5343.0,5343.0,81742581,15011,20,D,5283.0,5343.0
223,Tukafoolad.Inv.,20040718,5344.0,5099.0,5247.0,160713592,30789,40,D,5343.0,5247.0
224,Tukafoolad.Inv.,20040719,5096.0,4985.0,4992.0,293951564,58881,35,D,5247.0,4992.0
225,Tukafoolad.Inv.,20040731,6000.0,5450.0,5765.0,82680650,14340,14,D,4992.0,5765.0
226,Tukafoolad.Inv.,20040801,6053.0,6053.0,6053.0,683910311,112987,45,D,5765.0,6053.0
227,Tukafoolad.Inv.,20040802,6355.0,6000.0,6156.0,498163991,80912,49,D,6053.0,6156.0
228,Tukafoolad.Inv.,20040803,6001.0,5849.0,5935.0,304608238,51319,33,D,6156.0,5935.0
229,Tukafoolad.Inv.,20040804,5852.0,5794.0,5852.0,145571405,25080,28,D,5935.0,5852.0
230,Tukafoolad.Inv.,20040807,5779.0,5560.0,5757.0,402750242,69958,19,D,5852.0,5757.0
231,Tukafoolad.Inv.,20040808,5656.0,5470.0,5470.0,391097960,71498,25,D,5757.0,5470.0
232,Tukafoolad.Inv.,20040809,5644.0,5400.0,5521.0,90967789,16248,14,D,5470.0,5521.0
233,Tukafoolad.Inv.,20040810,5500.0,5251.0,5495.0,532468750,96894,16,D,5521.0,5495.0
234,Tukafoolad.Inv.,20040811,5495.0,5351.0,5421.0,237906349,43884,23,D,5495.0,5421.0
235,Tukafoolad.Inv.,20040814,5478.0,5352.0,5445.0,243383104,44694,34,D,5421.0,5445.0
236,Tukafoolad.Inv.,20040815,5540.0,5420.0,5447.0,220898398,40554,34,D,5445.0,5447.0
237,Tukafoolad.Inv.,20040816,5455.0,5400.0,5435.0,109612437,20203,14,D,5447.0,5435.0
238,Tukafoolad.Inv.,20040817,5706.0,5470.0,5652.0,716463866,126747,45,D,5435.0,5652.0
239,Tukafoolad.Inv.,20040818,5770.0,5720.0,5755.0,209355942,36303,24,D,5652.0,5755.0
240,Tukafoolad.Inv.,20040821,6042.0,5706.0,5964.0,569584334,95489,50,D,5755.0,5964.0
241,Tukafoolad.Inv.,20040822,5990.0,5666.0,5859.0,88367525,15515,12,D,5964.0,5859.0
242,Tukafoolad.Inv.,20040823,5702.0,5567.0,5702.0,119547108,21474,11,D,5859.0,5702.0
243,Tukafoolad.Inv.,20040824,5417.0,5417.0,5417.0,1486419383,274399,39,D,5702.0,5417.0
244,Tukafoolad.Inv.,20040825,5263.0,5147.0,5263.0,117492988,22822,17,D,5417.0,5263.0
245,Tukafoolad.Inv.,20040828,5526.0,5266.0,5328.0,101302723,18749,9,D,5263.0,5328.0
246,Tukafoolad.Inv.,20040829,5594.0,5590.0,5593.0,474143564,84769,39,D,5328.0,5593.0
247,Tukafoolad.Inv.,20040831,5594.0,5400.0,5500.0,1926804076,353660,6658,D,5593.0,5500.0
248,Tukafoolad.Inv.,20040901,5640.0,5400.0,5497.0,148496664,27012,25,D,5500.0,5497.0
249,Tukafoolad.Inv.,20040904,5550.0,5497.0,5500.0,162412796,29514,19,D,5497.0,5500.0
250,Tukafoolad.Inv.,20040905,5620.0,5497.0,5566.0,307547908,55247,24,D,5500.0,5566.0
251,Tukafoolad.Inv.,20040906,5844.0,5564.0,5744.0,407292710,70896,38,D,5566.0,5744.0
252,Tukafoolad.Inv.,20040907,6031.0,5902.0,6030.0,878201318,145638,58,D,5744.0,6030.0
253,Tukafoolad.Inv.,20040908,6100.0,5900.0,6039.0,562757304,93186,57,D,6030.0,6039.0
254,Tukafoolad.Inv.,20040911,6195.0,6100.0,6117.0,154673344,25089,26,D,6039.0,6117.0
255,Tukafoolad.Inv.,20040912,6422.0,6200.0,6353.0,382753450,60246,35,D,6117.0,6353.0
256,Tukafoolad.Inv.,20040914,6670.0,6520.0,6520.0,141255760,21178,17,D,6353.0,6520.0
257,Tukafoolad.Inv.,20040915,6846.0,6846.0,6846.0,664972518,97133,31,D,6520.0,6846.0
258,Tukafoolad.Inv.,20040918,7188.0,6857.0,7107.0,1796374099,252736,85,D,6846.0,7107.0
259,Tukafoolad.Inv.,20040919,7462.0,7462.0,7462.0,547128764,73322,51,D,7107.0,7462.0
260,Tukafoolad.Inv.,20040920,7511.0,7298.0,7471.0,1789248087,239489,96,D,7462.0,7471.0
261,Tukafoolad.Inv.,20040921,7844.0,7500.0,7700.0,1896219781,246250,119,D,7471.0,7700.0
262,Tukafoolad.Inv.,20040922,8085.0,7840.0,8020.0,896208665,111745,68,D,7700.0,8020.0
263,Tukafoolad.Inv.,20040925,8421.0,8421.0,8421.0,644711760,76560,26,D,8020.0,8421.0
264,Tukafoolad.Inv.,20040926,8842.0,8420.0,8594.0,7384354915,859209,239,D,8421.0,8594.0
265,Tukafoolad.Inv.,20040927,8700.0,8579.0,8598.0,2167788986,252115,124,D,8594.0,8598.0
266,Tukafoolad.Inv.,20040928,8630.0,8594.0,8600.0,2878293794,334667,129,D,8598.0,8600.0
267,Tukafoolad.Inv.,20040929,8489.0,8170.0,8455.0,237485254,28283,23,D,8600.0,8455.0
268,Tukafoolad.Inv.,20041002,8034.0,8033.0,8033.0,1000044266,124492,64,D,8455.0,8033.0
269,Tukafoolad.Inv.,20041003,7823.0,7632.0,7706.0,508676806,66002,36,D,8033.0,7706.0
270,Tukafoolad.Inv.,20041124,9000.0,7632.0,8802.0,2468708720,280469,85,D,7706.0,8802.0
271,Tukafoolad.Inv.,20041127,9240.0,8500.0,8888.0,4433410245,498787,173,D,8802.0,8888.0
272,Tukafoolad.Inv.,20041128,9102.0,8800.0,8982.0,2282786052,254138,116,D,8888.0,8982.0
273,Tukafoolad.Inv.,20041129,9431.0,8983.0,9393.0,673988698,71750,53,D,8982.0,9393.0
274,Tukafoolad.Inv.,20041130,9862.0,9759.0,9835.0,885907222,90076,55,D,9393.0,9835.0
275,Tukafoolad.Inv.,20041201,9839.0,9506.0,9627.0,754315804,78351,55,D,9835.0,9627.0
276,Tukafoolad.Inv.,20041204,9580.0,9200.0,9317.0,1355628105,145498,86,D,9627.0,9317.0
277,Tukafoolad.Inv.,20041205,9600.0,9250.0,9364.0,1983657448,211825,82,D,9317.0,9364.0
278,Tukafoolad.Inv.,20041206,9800.0,9363.0,9522.0,828039021,86952,57,D,9364.0,9522.0
279,Tukafoolad.Inv.,20041207,9998.0,9900.0,9991.0,591268737,59175,48,D,9522.0,9991.0
280,Tukafoolad.Inv.,20041211,10490.0,10108.0,10488.0,1199685770,114378,80,D,9991.0,10488.0
281,Tukafoolad.Inv.,20041212,11012.0,10600.0,10910.0,1822310716,167018,96,D,10488.0,10910.0
282,Tukafoolad.Inv.,20041213,10998.0,10699.0,10844.0,1253832512,115615,77,D,10910.0,10844.0
283,Tukafoolad.Inv.,20041214,10985.0,10750.0,10870.0,1036146703,95320,75,D,10844.0,10870.0
284,Tukafoolad.Inv.,20041215,11413.0,10931.0,11355.0,1253548561,110393,88,D,10870.0,11355.0
285,Tukafoolad.Inv.,20041218,11690.0,11201.0,11371.0,2128192568,187150,117,D,11355.0,11371.0
286,Tukafoolad.Inv.,20041219,11939.0,11418.0,11919.0,1749361304,146768,81,D,11371.0,11919.0
287,Tukafoolad.Inv.,20041220,12514.0,11920.0,12493.0,1809502434,144831,82,D,11919.0,12493.0
288,Tukafoolad.Inv.,20041221,13117.0,12736.0,12736.0,204936198,15624,24,D,12493.0,12736.0
289,Tukafoolad.Inv.,20041222,13372.0,13302.0,13370.0,10387279856,776836,4739,D,12736.0,13370.0
290,Tukafoolad.Inv.,20041225,14038.0,13370.0,14014.0,2021945063,144274,80,D,13370.0,14014.0
291,Tukafoolad.Inv.,20041226,14714.0,14714.0,14714.0,1257237730,85445,59,D,14014.0,14714.0
292,Tukafoolad.Inv.,20041227,15449.0,15400.0,15443.0,2243710999,145287,164,D,14714.0,15443.0
293,Tukafoolad.Inv.,20041228,16215.0,14671.0,15913.0,3169377226,199160,160,D,15443.0,15913.0
294,Tukafoolad.Inv.,20041229,15800.0,15118.0,15120.0,5593543191,369926,120,D,15913.0,15120.0
295,Tukafoolad.Inv.,20050108,15870.0,15533.0,15533.0,353759678,22300,23,D,15120.0,15533.0
296,Tukafoolad.Inv.,20050109,16309.0,15860.0,16247.0,3522249251,216786,142,D,15533.0,16247.0
297,Tukafoolad.Inv.,20050110,15970.0,15435.0,15524.0,2459808977,158452,104,D,16247.0,15524.0
298,Tukafoolad.Inv.,20050111,15000.0,14748.0,14766.0,2417049260,163688,109,D,15524.0,14766.0
299,Tukafoolad.Inv.,20050112,14760.0,14102.0,14500.0,2223328019,153328,91,D,14766.0,14500.0
300,Tukafoolad.Inv.,20050115,14998.0,14800.0,14853.0,740238268,49837,82,D,14500.0,14853.0
301,Tukafoolad.Inv.,20050116,14965.0,14600.0,14879.0,834275349,56068,84,D,14853.0,14879.0
302,Tukafoolad.Inv.,20050117,14852.0,14400.0,14605.0,1866734447,127813,141,D,14879.0,14605.0
303,Tukafoolad.Inv.,20050118,14698.0,14250.0,14409.0,1933852410,134211,75,D,14605.0,14409.0
304,Tukafoolad.Inv.,20050214,12430.0,11000.0,11595.0,2549646058,219889,144,D,14409.0,11595.0
305,Tukafoolad.Inv.,20050222,11570.0,11016.0,11570.0,19140332,1737,7,D,11595.0,11570.0
306,Tukafoolad.Inv.,20050223,11570.0,10992.0,11570.0,269588,24,2,D,11570.0,11570.0
307,Tukafoolad.Inv.,20050226,11570.0,10992.0,11570.0,1104980,100,2,D,11570.0,11570.0
308,Tukafoolad.Inv.,20050227,10992.0,10992.0,10992.0,445582704,40537,11,D,11570.0,10992.0
309,Tukafoolad.Inv.,20050228,10443.0,10443.0,10443.0,905188797,86679,44,D,10992.0,10443.0
310,Tukafoolad.Inv.,20050301,10400.0,9921.0,9962.0,4461866541,447881,165,D,10443.0,9962.0
311,Tukafoolad.Inv.,20050302,9921.0,9800.0,9839.0,618042008,62810,37,D,9962.0,9839.0
312,Tukafoolad.Inv.,20050305,9919.0,9705.0,9766.0,597896068,61219,38,D,9839.0,9766.0
313,Tukafoolad.Inv.,20050306,10100.0,9919.0,10011.0,473302715,47275,45,D,9766.0,10011.0
314,Tukafoolad.Inv.,20050307,10442.0,10130.0,10297.0,721898967,70102,41,D,10011.0,10297.0
315,Tukafoolad.Inv.,20050308,9962.0,9783.0,9962.0,340076000,34326,21,D,10297.0,9962.0
316,Tukafoolad.Inv.,20050309,9760.0,9464.0,9681.0,251485022,26369,20,D,9962.0,9681.0
317,Tukafoolad.Inv.,20050312,9676.0,9520.0,9633.0,194335587,20269,26,D,9681.0,9633.0
318,Tukafoolad.Inv.,20050313,9500.0,9400.0,9471.0,1152063066,121631,58,D,9633.0,9471.0
319,Tukafoolad.Inv.,20050314,9589.0,9350.0,9467.0,1416911635,149658,57,D,9471.0,9467.0
320,Tukafoolad.Inv.,20050315,9748.0,9400.0,9461.0,1876516742,198322,72,D,9467.0,9461.0
321,Tukafoolad.Inv.,20050316,9934.0,9462.0,9706.0,968749499,99806,62,D,9461.0,9706.0
322,Tukafoolad.Inv.,20050327,10191.0,9707.0,9707.0,1116170,110,3,D,9706.0,9707.0
323,Tukafoolad.Inv.,20050328,10192.0,9725.0,9725.0,15945810,1565,4,D,9707.0,9725.0
324,Tukafoolad.Inv.,20050329,10211.0,10211.0,10211.0,408440000,40000,12,D,9725.0,10211.0
325,Tukafoolad.Inv.,20050330,10721.0,10393.0,10393.0,153961001,14361,9,D,10211.0,10393.0
326,Tukafoolad.Inv.,20050403,10912.0,10580.0,10580.0,157784200,14460,6,D,10393.0,10580.0
327,Tukafoolad.Inv.,20050404,11109.0,10910.0,10910.0,277834100,25010,10,D,10580.0,10910.0
328,Tukafoolad.Inv.,20050405,11455.0,10998.0,10998.0,74727850,6524,9,D,10910.0,10998.0
329,Tukafoolad.Inv.,20050406,11547.0,11150.0,11150.0,128283200,11110,12,D,10998.0,11150.0
330,Tukafoolad.Inv.,20050410,11707.0,11279.0,11279.0,109339100,9340,11,D,11150.0,11279.0
331,Tukafoolad.Inv.,20050411,11842.0,11842.0,11842.0,505156036,42658,34,D,11279.0,11842.0
332,Tukafoolad.Inv.,20050412,12434.0,11951.0,12303.0,3851860560,313082,230,D,11842.0,12303.0
333,Tukafoolad.Inv.,20050413,12918.0,12203.0,12843.0,3703283884,288341,143,D,12303.0,12843.0
334,Tukafoolad.Inv.,20050424,7998.0,5180.0,7600.0,2521863745,331805,100,D,12843.0,7600.0
335,Tukafoolad.Inv.,20050425,7979.0,7630.0,7820.0,2070166516,264716,136,D,7600.0,7820.0
336,Tukafoolad.Inv.,20050427,8211.0,7820.0,7972.0,1512333674,189686,111,D,7820.0,7972.0
337,Tukafoolad.Inv.,20050430,8360.0,7899.0,7978.0,907420431,113730,74,D,7972.0,7978.0
338,Tukafoolad.Inv.,20050501,7970.0,7590.0,7636.0,1654882813,216710,108,D,7978.0,7636.0
339,Tukafoolad.Inv.,20050502,7600.0,7350.0,7446.0,1236777149,166096,97,D,7636.0,7446.0
340,Tukafoolad.Inv.,20050503,7628.0,7331.0,7396.0,763983468,103288,72,D,7446.0,7396.0
341,Tukafoolad.Inv.,20050504,7765.0,7500.0,7687.0,319866759,41608,42,D,7396.0,7687.0
342,Tukafoolad.Inv.,20050507,8071.0,7783.0,7896.0,1616986247,204782,98,D,7687.0,7896.0
343,Tukafoolad.Inv.,20050508,7954.0,7870.0,7890.0,1449488658,183699,82,D,7896.0,7890.0
344,Tukafoolad.Inv.,20050509,7890.0,7698.0,7751.0,678506330,87530,59,D,7890.0,7751.0
345,Tukafoolad.Inv.,20050510,8020.0,7798.0,7927.0,1445144140,182284,116,D,7751.0,7927.0
346,Tukafoolad.Inv.,20050511,8320.0,8136.0,8263.0,1567766660,189722,123,D,7927.0,8263.0
347,Tukafoolad.Inv.,20050514,8670.0,8100.0,8409.0,2130610884,253347,137,D,8263.0,8409.0
348,Tukafoolad.Inv.,20050515,8407.0,8100.0,8327.0,946105448,113610,83,D,8409.0,8327.0
349,Tukafoolad.Inv.,20050516,8327.0,8152.0,8240.0,752103015,91268,78,D,8327.0,8240.0
350,Tukafoolad.Inv.,20050517,8500.0,8250.0,8403.0,1748400647,208048,92,D,8240.0,8403.0
351,Tukafoolad.Inv.,20050518,8380.0,8179.0,8209.0,817528643,99580,85,D,8403.0,8209.0
352,Tukafoolad.Inv.,20050521,8270.0,8113.0,8197.0,1102448533,134487,62,D,8209.0,8197.0
353,Tukafoolad.Inv.,20050522,8188.0,8123.0,8154.0,838555526,102837,60,D,8197.0,8154.0
354,Tukafoolad.Inv.,20050523,8279.0,8115.0,8187.0,727803606,88893,76,D,8154.0,8187.0
355,Tukafoolad.Inv.,20050524,8235.0,8150.0,8195.0,472427510,57642,46,D,8187.0,8195.0
356,Tukafoolad.Inv.,20050525,8150.0,8020.0,8082.0,3370986436,414854,651,D,8195.0,8082.0
357,Tukafoolad.Inv.,20050528,8486.0,8486.0,8486.0,632877394,74579,44,D,8082.0,8486.0
358,Tukafoolad.Inv.,20050529,8910.0,8600.0,8801.0,3708394196,421317,223,D,8486.0,8801.0
359,Tukafoolad.Inv.,20050530,8735.0,8640.0,8683.0,600215390,69123,83,D,8801.0,8683.0
360,Tukafoolad.Inv.,20050531,8789.0,8699.0,8748.0,980486893,112080,83,D,8683.0,8748.0
361,Tukafoolad.Inv.,20050601,8789.0,8596.0,8648.0,850247133,98317,73,D,8748.0,8648.0
362,Tukafoolad.Inv.,20050606,8599.0,8362.0,8425.0,1758795157,208735,62,D,8648.0,8425.0
363,Tukafoolad.Inv.,20050607,8846.0,8472.0,8688.0,1756442672,202146,123,D,8425.0,8688.0
364,Tukafoolad.Inv.,20050608,8779.0,8581.0,8681.0,1146782057,132091,76,D,8688.0,8681.0
365,Tukafoolad.Inv.,20050611,8629.0,8247.0,8407.0,805172429,95771,72,D,8681.0,8407.0
366,Tukafoolad.Inv.,20050612,8407.0,8006.0,8161.0,505884154,61987,58,D,8407.0,8161.0
367,Tukafoolad.Inv.,20050613,8499.0,8120.0,8310.0,711478390,85612,60,D,8161.0,8310.0
368,Tukafoolad.Inv.,20050614,8700.0,8400.0,8501.0,1124545194,132274,79,D,8310.0,8501.0
369,Tukafoolad.Inv.,20050615,8690.0,8315.0,8509.0,755177264,88744,48,D,8501.0,8509.0
370,Tukafoolad.Inv.,20050618,8608.0,8390.0,8501.0,391251912,46022,45,D,8509.0,8501.0
371,Tukafoolad.Inv.,20050619,8539.0,8076.0,8227.0,384764761,46767,51,D,8501.0,8227.0
372,Tukafoolad.Inv.,20050620,8300.0,8192.0,8247.0,342337312,41506,47,D,8227.0,8247.0
373,Tukafoolad.Inv.,20050621,8390.0,8150.0,8308.0,801838545,96511,66,D,8247.0,8308.0
374,Tukafoolad.Inv.,20050622,8425.0,8300.0,8370.0,690698176,82513,59,D,8308.0,8370.0
375,Tukafoolad.Inv.,20050625,8076.0,7952.0,7956.0,607166716,76310,45,D,8370.0,7956.0
376,Tukafoolad.Inv.,20050626,8300.0,7559.0,7748.0,530154225,68417,65,D,7956.0,7748.0
377,Tukafoolad.Inv.,20050627,8135.0,8120.0,8134.0,1060911015,130415,74,D,7748.0,8134.0
378,Tukafoolad.Inv.,20050628,8250.0,8134.0,8189.0,470001079,57393,46,D,8134.0,8189.0
379,Tukafoolad.Inv.,20050629,8284.0,8000.0,8140.0,159098430,19665,29,D,8189.0,8140.0
380,Tukafoolad.Inv.,20050702,8127.0,7733.0,7817.0,392433852,50197,36,D,8140.0,7817.0
381,Tukafoolad.Inv.,20050703,7451.0,7427.0,7429.0,1237486408,166564,91,D,7817.0,7429.0
382,Tukafoolad.Inv.,20050704,7400.0,7065.0,7175.0,579049268,80698,60,D,7429.0,7175.0
383,Tukafoolad.Inv.,20050705,7533.0,7298.0,7333.0,174732755,23467,23,D,7175.0,7333.0
384,Tukafoolad.Inv.,20050706,7699.0,7650.0,7696.0,543336425,70591,62,D,7333.0,7696.0
385,Tukafoolad.Inv.,20050709,7897.0,7550.0,7691.0,200670947,26097,15,D,7696.0,7691.0
386,Tukafoolad.Inv.,20050711,7700.0,7499.0,7613.0,329752619,43309,37,D,7691.0,7613.0
387,Tukafoolad.Inv.,20050712,7401.0,7233.0,7345.0,222001827,30562,17,D,7613.0,7345.0
388,Tukafoolad.Inv.,20050713,6978.0,6978.0,6978.0,404500704,57968,23,D,7345.0,6978.0
389,Tukafoolad.Inv.,20050716,6650.0,6630.0,6633.0,471504154,71075,52,D,6978.0,6633.0
390,Tukafoolad.Inv.,20050717,6750.0,6302.0,6326.0,330413805,52225,34,D,6633.0,6326.0
391,Tukafoolad.Inv.,20050718,6303.0,6010.0,6261.0,343836380,54916,40,D,6326.0,6261.0
392,Tukafoolad.Inv.,20050719,6200.0,6000.0,6174.0,240627646,38981,34,D,6261.0,6174.0
393,Tukafoolad.Inv.,20050720,6482.0,6174.0,6419.0,977923815,152337,77,D,6174.0,6419.0
394,Tukafoolad.Inv.,20050723,6739.0,6419.0,6443.0,105696530,16310,7,D,6419.0,6443.0
395,Tukafoolad.Inv.,20050724,6765.0,6765.0,6765.0,1079558700,159580,60,D,6443.0,6765.0
396,Tukafoolad.Inv.,20050725,7103.0,6768.0,7094.0,2627912283,370421,130,D,6765.0,7094.0
397,Tukafoolad.Inv.,20050726,7100.0,6740.0,6780.0,462263845,68176,40,D,7094.0,6780.0
398,Tukafoolad.Inv.,20050727,7000.0,6818.0,6941.0,251287720,36107,38,D,6780.0,6941.0
399,Tukafoolad.Inv.,20050730,7000.0,6909.0,6964.0,816623867,117255,57,D,6941.0,6964.0
400,Tukafoolad.Inv.,20050731,6963.0,6722.0,6818.0,603444568,88497,32,D,6964.0,6818.0
401,Tukafoolad.Inv.,20050801,6900.0,6485.0,6599.0,254635728,38626,25,D,6818.0,6599.0
402,Tukafoolad.Inv.,20050802,6650.0,6460.0,6522.0,192441159,29620,31,D,6599.0,6522.0
403,Tukafoolad.Inv.,20050803,6840.0,6600.0,6708.0,283882902,42315,40,D,6522.0,6708.0
404,Tukafoolad.Inv.,20050806,6766.0,6687.0,6729.0,243121986,36110,266,D,6708.0,6729.0
405,Tukafoolad.Inv.,20050807,6729.0,6531.0,6693.0,146636677,22214,22,D,6729.0,6693.0
406,Tukafoolad.Inv.,20050808,6641.0,6550.0,6641.0,213286848,32484,30,D,6693.0,6641.0
407,Tukafoolad.Inv.,20050809,6695.0,6613.0,6634.0,166017668,25075,21,D,6641.0,6634.0
408,Tukafoolad.Inv.,20050810,6965.0,6602.0,6685.0,241162008,35728,29,D,6634.0,6685.0
409,Tukafoolad.Inv.,20050813,6800.0,6700.0,6712.0,393317079,58504,44,D,6685.0,6712.0
410,Tukafoolad.Inv.,20050814,6900.0,6713.0,6768.0,523134277,77257,49,D,6712.0,6768.0
411,Tukafoolad.Inv.,20050815,6757.0,6699.0,6757.0,97541970,14540,10,D,6768.0,6757.0
412,Tukafoolad.Inv.,20050816,6999.0,6631.0,6663.0,487005200,73171,46,D,6757.0,6663.0
413,Tukafoolad.Inv.,20050817,6723.0,6667.0,6673.0,223021792,33350,16,D,6663.0,6673.0
414,Tukafoolad.Inv.,20050820,7006.0,6671.0,6762.0,759977858,112377,42,D,6673.0,6762.0
415,Tukafoolad.Inv.,20050821,7100.0,6856.0,6856.0,160113706,22552,16,D,6762.0,6856.0
416,Tukafoolad.Inv.,20050822,7180.0,6860.0,7071.0,655890685,92745,41,D,6856.0,7071.0
417,Tukafoolad.Inv.,20050823,7200.0,7071.0,7121.0,247856017,34480,23,D,7071.0,7121.0
418,Tukafoolad.Inv.,20050824,7104.0,6999.0,7090.0,219694782,31195,30,D,7121.0,7090.0
419,Tukafoolad.Inv.,20050827,7297.0,7107.0,7128.0,479064158,67128,38,D,7090.0,7128.0
420,Tukafoolad.Inv.,20050828,7199.0,6970.0,7109.0,627243236,88231,30,D,7128.0,7109.0
421,Tukafoolad.Inv.,20050829,7004.0,6763.0,7004.0,381706713,54872,44,D,7109.0,7004.0
422,Tukafoolad.Inv.,20050830,7000.0,6892.0,6995.0,414165149,59231,33,D,7004.0,6995.0
423,Tukafoolad.Inv.,20050831,6999.0,6900.0,6985.0,70591589,10205,16,D,6995.0,6985.0
424,Tukafoolad.Inv.,20050903,6940.0,6640.0,6900.0,229657833,33838,19,D,6985.0,6900.0
425,Tukafoolad.Inv.,20050904,6929.0,6700.0,6835.0,345060077,50759,31,D,6900.0,6835.0
426,Tukafoolad.Inv.,20050905,6769.0,6650.0,6769.0,259343211,38709,26,D,6835.0,6769.0
427,Tukafoolad.Inv.,20050906,6503.0,6434.0,6472.0,499632471,77312,45,D,6769.0,6472.0
428,Tukafoolad.Inv.,20050907,6795.0,6400.0,6775.0,645741492,95300,54,D,6472.0,6775.0
429,Tukafoolad.Inv.,20050910,6850.0,6790.0,6795.0,472255544,69457,30,D,6775.0,6795.0
430,Tukafoolad.Inv.,20050912,6950.0,6400.0,6764.0,107692740,15920,12,D,6795.0,6764.0
431,Tukafoolad.Inv.,20050914,6639.0,6426.0,6639.0,233094803,35927,23,D,6764.0,6639.0
432,Tukafoolad.Inv.,20050917,6638.0,6400.0,6493.0,399595482,61934,27,D,6639.0,6493.0
433,Tukafoolad.Inv.,20050918,6450.0,6169.0,6330.0,261568845,42290,28,D,6493.0,6330.0
434,Tukafoolad.Inv.,20050919,6160.0,6014.0,6017.0,798797081,132748,67,D,6330.0,6017.0
435,Tukafoolad.Inv.,20050921,6149.0,5882.0,6015.0,111580519,18567,15,D,6017.0,6015.0
436,Tukafoolad.Inv.,20050924,6076.0,5879.0,6015.0,7144460,1180,5,D,6015.0,6015.0
437,Tukafoolad.Inv.,20050925,5927.0,5715.0,5927.0,133738835,23401,19,D,6015.0,5927.0
438,Tukafoolad.Inv.,20050926,5905.0,5631.0,5905.0,32397883,5753,6,D,5927.0,5905.0
439,Tukafoolad.Inv.,20050927,5905.0,5610.0,5905.0,143200,25,2,D,5905.0,5905.0
440,Tukafoolad.Inv.,20050928,5861.0,5610.0,5861.0,66088310,11780,4,D,5905.0,5861.0
441,Tukafoolad.Inv.,20051001,5786.0,5568.0,5786.0,113505860,20385,8,D,5861.0,5786.0
442,Tukafoolad.Inv.,20051002,5786.0,5497.0,5786.0,1706960,310,12,D,5786.0,5786.0
443,Tukafoolad.Inv.,20051003,5759.0,5497.0,5759.0,40603462,7386,9,D,5786.0,5759.0
444,Tukafoolad.Inv.,20051004,5705.0,5472.0,5705.0,82366874,15052,6,D,5759.0,5705.0
445,Tukafoolad.Inv.,20051008,5699.0,5420.0,5437.0,2982182396,548461,223,D,5705.0,5437.0
446,Tukafoolad.Inv.,20051009,5708.0,5698.0,5707.0,1375132162,240924,119,D,5437.0,5707.0
447,Tukafoolad.Inv.,20051010,5881.0,5612.0,5705.0,122152098,21427,17,D,5707.0,5705.0
448,Tukafoolad.Inv.,20051011,5685.0,5432.0,5519.0,546702828,99045,45,D,5705.0,5519.0
449,Tukafoolad.Inv.,20051012,5512.0,5244.0,5384.0,541331538,100530,56,D,5519.0,5384.0
450,Tukafoolad.Inv.,20051015,5439.0,5250.0,5353.0,344902296,64504,38,D,5384.0,5353.0
451,Tukafoolad.Inv.,20051016,5353.0,5123.0,5169.0,1074834656,207912,95,D,5353.0,5169.0
452,Tukafoolad.Inv.,20051017,5169.0,4964.0,5014.0,1248572266,248988,100,D,5169.0,5014.0
453,Tukafoolad.Inv.,20051204,6699.0,5145.0,5787.0,1665627929,287819,127,D,5014.0,5787.0
454,Tukafoolad.Inv.,20051205,6076.0,5880.0,6041.0,2541979157,420787,178,D,5787.0,6041.0
455,Tukafoolad.Inv.,20051206,6280.0,5980.0,6079.0,1477557978,243037,119,D,6041.0,6079.0
456,Tukafoolad.Inv.,20051210,6001.0,5776.0,5912.0,456767461,77319,45,D,6079.0,5912.0
457,Tukafoolad.Inv.,20051211,5900.0,5627.0,5690.0,880004258,154647,92,D,5912.0,5690.0
458,Tukafoolad.Inv.,20051212,5680.0,5406.0,5490.0,507324879,92395,63,D,5690.0,5490.0
459,Tukafoolad.Inv.,20051213,5538.0,5216.0,5302.0,734380340,138485,83,D,5490.0,5302.0
460,Tukafoolad.Inv.,20051214,5435.0,5200.0,5292.0,818739960,154687,74,D,5302.0,5292.0
461,Tukafoolad.Inv.,20051217,5200.0,5029.0,5051.0,711736445,140890,103,D,5292.0,5051.0
462,Tukafoolad.Inv.,20051218,5250.0,4964.0,5016.0,855456351,170525,92,D,5051.0,5016.0
463,Tukafoolad.Inv.,20051219,5250.0,5047.0,5175.0,709278357,137057,101,D,5016.0,5175.0
464,Tukafoolad.Inv.,20051220,5189.0,5060.0,5108.0,598911344,117232,51,D,5175.0,5108.0
465,Tukafoolad.Inv.,20051221,5198.0,5082.0,5108.0,943845474,184777,72,D,5108.0,5108.0
466,Tukafoolad.Inv.,20051224,5362.0,5188.0,5274.0,832093642,157761,68,D,5108.0,5274.0
467,Tukafoolad.Inv.,20051225,5403.0,5258.0,5324.0,1584519972,297572,107,D,5274.0,5324.0
468,Tukafoolad.Inv.,20051226,5390.0,5320.0,5342.0,260917223,48731,25,D,5324.0,5342.0
469,Tukafoolad.Inv.,20051227,5302.0,5203.0,5280.0,334341987,63497,38,D,5342.0,5280.0
470,Tukafoolad.Inv.,20051228,5400.0,5283.0,5306.0,170034537,31805,24,D,5280.0,5306.0
471,Tukafoolad.Inv.,20051231,5571.0,5303.0,5473.0,1303639532,238164,124,D,5306.0,5473.0
472,Tukafoolad.Inv.,20060101,5590.0,5402.0,5493.0,649665674,118251,89,D,5473.0,5493.0
473,Tukafoolad.Inv.,20060102,5493.0,5356.0,5406.0,676628688,125161,73,D,5493.0,5406.0
474,Tukafoolad.Inv.,20060103,5400.0,5335.0,5355.0,976251362,182280,79,D,5406.0,5355.0
475,Tukafoolad.Inv.,20060104,5498.0,5273.0,5338.0,171781141,32323,48,D,5355.0,5338.0
476,Tukafoolad.Inv.,20060107,5300.0,5170.0,5220.0,343509735,66099,59,D,5338.0,5220.0
477,Tukafoolad.Inv.,20060108,5240.0,5123.0,5172.0,395046256,76398,51,D,5220.0,5172.0
478,Tukafoolad.Inv.,20060109,5162.0,5141.0,5162.0,247846200,48057,31,D,5172.0,5162.0
479,Tukafoolad.Inv.,20060110,5116.0,5052.0,5116.0,285355368,55978,32,D,5162.0,5116.0
480,Tukafoolad.Inv.,20060114,5050.0,4861.0,4874.0,758498297,155610,87,D,5116.0,4874.0
481,Tukafoolad.Inv.,20060115,4873.0,4756.0,4840.0,471760423,97458,48,D,4874.0,4840.0
482,Tukafoolad.Inv.,20060116,4858.0,4800.0,4830.0,197110903,40881,33,D,4840.0,4830.0
483,Tukafoolad.Inv.,20060117,5071.0,4815.0,4956.0,275398567,54911,43,D,4830.0,4956.0
484,Tukafoolad.Inv.,20060118,5084.0,4983.0,4983.0,326689626,65480,34,D,4956.0,4983.0
485,Tukafoolad.Inv.,20060121,4983.0,4899.0,4950.0,161187880,32870,19,D,4983.0,4950.0
486,Tukafoolad.Inv.,20060122,4919.0,4830.0,4917.0,209469830,42828,32,D,4950.0,4917.0
487,Tukafoolad.Inv.,20060123,4969.0,4682.0,4820.0,228191262,47976,45,D,4917.0,4820.0
488,Tukafoolad.Inv.,20060124,4750.0,4580.0,4606.0,571740452,124103,65,D,4820.0,4606.0
489,Tukafoolad.Inv.,20060125,4648.0,4400.0,4482.0,795255421,177426,88,D,4606.0,4482.0
490,Tukafoolad.Inv.,20060128,4705.0,4454.0,4623.0,363074638,78483,51,D,4482.0,4623.0
491,Tukafoolad.Inv.,20060129,4854.0,4682.0,4850.0,528654103,108989,57,D,4623.0,4850.0
492,Tukafoolad.Inv.,20060130,5050.0,4866.0,4934.0,876664405,177665,94,D,4850.0,4934.0
493,Tukafoolad.Inv.,20060131,4850.0,4688.0,4693.0,392588907,83637,40,D,4934.0,4693.0
494,Tukafoolad.Inv.,20060201,4889.0,4668.0,4764.0,493612875,103595,65,D,4693.0,4764.0
495,Tukafoolad.Inv.,20060204,4886.0,4532.0,4622.0,409859641,88674,105,D,4764.0,4622.0
496,Tukafoolad.Inv.,20060205,4705.0,4391.0,4398.0,1127964318,256458,102,D,4622.0,4398.0
497,Tukafoolad.Inv.,20060206,4599.0,4185.0,4375.0,444621502,101613,97,D,4398.0,4375.0
498,Tukafoolad.Inv.,20060207,4458.0,4300.0,4393.0,265532136,60350,32,D,4375.0,4393.0
499,Tukafoolad.Inv.,20060212,4425.0,4205.0,4288.0,222037031,52437,36,D,4393.0,4288.0
500,Tukafoolad.Inv.,20060213,4205.0,4074.0,4078.0,512474573,125640,61,D,4288.0,4078.0
501,Tukafoolad.Inv.,20060214,4050.0,3997.0,4050.0,107959500,27010,9,D,4078.0,4050.0
502,Tukafoolad.Inv.,20060215,4129.0,3969.0,3977.0,1538936552,386932,158,D,4050.0,3977.0
503,Tukafoolad.Inv.,20060218,4056.0,4055.0,4055.0,323161790,79675,38,D,3977.0,4055.0
504,Tukafoolad.Inv.,20060219,4136.0,4122.0,4122.0,277178036,67016,21,D,4055.0,4122.0
505,Tukafoolad.Inv.,20060220,4204.0,4123.0,4123.0,6368250,1515,4,D,4122.0,4123.0
506,Tukafoolad.Inv.,20060221,4205.0,4169.0,4202.0,654594477,155748,64,D,4123.0,4202.0
507,Tukafoolad.Inv.,20060222,4286.0,4125.0,4232.0,567357979,134059,65,D,4202.0,4232.0
508,Tukafoolad.Inv.,20060225,4316.0,4300.0,4314.0,544873130,126297,43,D,4232.0,4314.0
509,Tukafoolad.Inv.,20060226,4400.0,4381.0,4393.0,741042812,168664,69,D,4314.0,4393.0
510,Tukafoolad.Inv.,20060227,4480.0,4434.0,4434.0,169576500,37852,15,D,4393.0,4434.0
511,Tukafoolad.Inv.,20060228,4522.0,4363.0,4480.0,908392863,202760,86,D,4434.0,4480.0
512,Tukafoolad.Inv.,20060301,4480.0,4391.0,4397.0,473956201,107785,56,D,4480.0,4397.0
513,Tukafoolad.Inv.,20060304,4355.0,4310.0,4355.0,163513230,37938,21,D,4397.0,4355.0
514,Tukafoolad.Inv.,20060305,4350.0,4268.0,4274.0,1315437433,307765,93,D,4355.0,4274.0
515,Tukafoolad.Inv.,20060306,4300.0,4189.0,4196.0,372948412,88868,56,D,4274.0,4196.0
516,Tukafoolad.Inv.,20060307,4279.0,4211.0,4211.0,62040541,14499,9,D,4196.0,4211.0
517,Tukafoolad.Inv.,20060308,4290.0,4150.0,4217.0,584099421,138483,48,D,4211.0,4217.0
518,Tukafoolad.Inv.,20060311,4151.0,4133.0,4151.0,256671879,62103,20,D,4217.0,4151.0
519,Tukafoolad.Inv.,20060312,4078.0,4068.0,4078.0,284963600,70050,23,D,4151.0,4078.0
520,Tukafoolad.Inv.,20060313,4119.0,3997.0,4012.0,1071895518,267165,130,D,4078.0,4012.0
521,Tukafoolad.Inv.,20060314,4092.0,4000.0,4017.0,210256988,52297,27,D,4012.0,4017.0
522,Tukafoolad.Inv.,20060315,3947.0,3937.0,3938.0,402960574,102307,51,D,4017.0,3938.0
523,Tukafoolad.Inv.,20060318,4016.0,3955.0,3980.0,177762296,44266,34,D,3938.0,3980.0
524,Tukafoolad.Inv.,20060319,4014.0,3975.0,3981.0,174821327,43881,21,D,3980.0,3981.0
525,Tukafoolad.Inv.,20060325,4060.0,3989.0,3989.0,35471510,8737,7,D,3981.0,3989.0
526,Tukafoolad.Inv.,20060326,4068.0,3989.0,3989.0,1024346,252,2,D,3989.0,3989.0
527,Tukafoolad.Inv.,20060327,4068.0,4000.0,4000.0,46931836,11537,6,D,3989.0,4000.0
528,Tukafoolad.Inv.,20060328,4080.0,4032.0,4032.0,130600320,32010,8,D,4000.0,4032.0
529,Tukafoolad.Inv.,20060403,4110.0,4038.0,4038.0,27359830,6660,6,D,4032.0,4038.0
530,Tukafoolad.Inv.,20060404,4088.0,4000.0,4038.0,126778904,31390,29,D,4038.0,4038.0
531,Tukafoolad.Inv.,20060405,4109.0,4000.0,4034.0,260318671,64520,28,D,4038.0,4034.0
532,Tukafoolad.Inv.,20060408,4114.0,4105.0,4111.0,440207348,107057,41,D,4034.0,4111.0
533,Tukafoolad.Inv.,20060409,4193.0,4193.0,4193.0,774409363,184691,51,D,4111.0,4193.0
534,Tukafoolad.Inv.,20060410,4276.0,4130.0,4200.0,832002441,198055,50,D,4193.0,4200.0
535,Tukafoolad.Inv.,20060411,4200.0,4158.0,4189.0,343676109,82032,35,D,4200.0,4189.0
536,Tukafoolad.Inv.,20060412,4247.0,4150.0,4199.0,610968759,145500,57,D,4189.0,4199.0
537,Tukafoolad.Inv.,20060415,4200.0,4200.0,4200.0,416094000,99070,31,D,4199.0,4200.0
538,Tukafoolad.Inv.,20060417,4200.0,4155.0,4168.0,1595531017,382762,116,D,4200.0,4168.0
539,Tukafoolad.Inv.,20060418,4170.0,4085.0,4096.0,748486918,182717,60,D,4168.0,4096.0
540,Tukafoolad.Inv.,20060419,4175.0,4092.0,4159.0,367948925,88463,48,D,4096.0,4159.0
541,Tukafoolad.Inv.,20060422,4200.0,4111.0,4164.0,88627640,21210,8,D,4159.0,4164.0
542,Tukafoolad.Inv.,20060423,4171.0,4121.0,4167.0,375746452,90165,31,D,4164.0,4167.0
543,Tukafoolad.Inv.,20060424,4250.0,4161.0,4191.0,1114363044,265881,73,D,4167.0,4191.0
544,Tukafoolad.Inv.,20060425,4205.0,4172.0,4192.0,129768378,30936,20,D,4191.0,4192.0
545,Tukafoolad.Inv.,20060426,4230.0,4121.0,4172.0,390940137,93692,27,D,4192.0,4172.0
546,Tukafoolad.Inv.,20060429,4156.0,4089.0,4156.0,83464349,20311,17,D,4172.0,4156.0
547,Tukafoolad.Inv.,20060430,4136.0,4081.0,4104.0,316261524,77072,41,D,4156.0,4104.0
548,Tukafoolad.Inv.,20060501,4109.0,4076.0,4092.0,547812059,133857,52,D,4104.0,4092.0
549,Tukafoolad.Inv.,20060502,4173.0,4101.0,4143.0,279645624,67330,30,D,4092.0,4143.0
550,Tukafoolad.Inv.,20060503,4225.0,4165.0,4206.0,794622906,188900,63,D,4143.0,4206.0
551,Tukafoolad.Inv.,20060506,4200.0,4122.0,4126.0,366625482,88844,40,D,4206.0,4126.0
552,Tukafoolad.Inv.,20060507,4167.0,4115.0,4125.0,175707303,42591,19,D,4126.0,4125.0
553,Tukafoolad.Inv.,20060508,4207.0,4110.0,4151.0,295279961,71066,36,D,4125.0,4151.0
554,Tukafoolad.Inv.,20060509,4200.0,4107.0,4145.0,280593221,67691,35,D,4151.0,4145.0
555,Tukafoolad.Inv.,20060510,4189.0,4108.0,4113.0,567246049,137902,58,D,4145.0,4113.0
556,Tukafoolad.Inv.,20060513,4195.0,4148.0,4174.0,439201492,105218,42,D,4113.0,4174.0
557,Tukafoolad.Inv.,20060514,4257.0,4175.0,4234.0,472206871,111526,49,D,4174.0,4234.0
558,Tukafoolad.Inv.,20060515,4234.0,4150.0,4163.0,341996360,82151,30,D,4234.0,4163.0
559,Tukafoolad.Inv.,20060516,4197.0,4090.0,4116.0,240500299,58665,29,D,4163.0,4116.0
560,Tukafoolad.Inv.,20060517,4116.0,4105.0,4114.0,65653674,15978,11,D,4116.0,4114.0
561,Tukafoolad.Inv.,20060520,4168.0,4110.0,4125.0,160618788,38817,26,D,4114.0,4125.0
562,Tukafoolad.Inv.,20060521,4120.0,4100.0,4119.0,101787277,24779,23,D,4125.0,4119.0
563,Tukafoolad.Inv.,20060522,4119.0,4099.0,4112.0,126115176,30738,23,D,4119.0,4112.0
564,Tukafoolad.Inv.,20060523,4109.0,4070.0,4097.0,273672088,66819,33,D,4112.0,4097.0
565,Tukafoolad.Inv.,20060524,4105.0,4079.0,4088.0,367641070,89925,40,D,4097.0,4088.0
566,Tukafoolad.Inv.,20060527,4169.0,4109.0,4165.0,552823105,132705,55,D,4088.0,4165.0
567,Tukafoolad.Inv.,20060528,4247.0,4120.0,4182.0,299096652,71461,28,D,4165.0,4182.0
568,Tukafoolad.Inv.,20060529,4120.0,4099.0,4100.0,373102217,90988,42,D,4182.0,4100.0
569,Tukafoolad.Inv.,20060530,4180.0,4097.0,4122.0,336381500,81592,47,D,4100.0,4122.0
570,Tukafoolad.Inv.,20060531,4150.0,4122.0,4132.0,1127123735,272302,37,D,4122.0,4132.0
571,Tukafoolad.Inv.,20060603,4132.0,4050.0,4084.0,542575950,132849,42,D,4132.0,4084.0
572,Tukafoolad.Inv.,20060606,4090.0,4010.0,4037.0,610930128,151330,63,D,4084.0,4037.0
573,Tukafoolad.Inv.,20060607,4117.0,4004.0,4099.0,456312275,111311,47,D,4037.0,4099.0
574,Tukafoolad.Inv.,20060610,4120.0,4110.0,4112.0,251064730,60981,21,D,4099.0,4112.0
575,Tukafoolad.Inv.,20060611,4150.0,4100.0,4119.0,705087522,171143,50,D,4112.0,4119.0
576,Tukafoolad.Inv.,20060612,4118.0,4088.0,4107.0,301757762,73477,30,D,4119.0,4107.0
577,Tukafoolad.Inv.,20060613,4100.0,4025.0,4030.0,477707625,118534,29,D,4107.0,4030.0
578,Tukafoolad.Inv.,20060614,4059.0,4000.0,4010.0,487818922,121638,41,D,4030.0,4010.0
579,Tukafoolad.Inv.,20060617,4040.0,3980.0,4009.0,471531689,117592,30,D,4010.0,4009.0
580,Tukafoolad.Inv.,20060618,4081.0,4040.0,4070.0,525155011,129022,41,D,4009.0,4070.0
581,Tukafoolad.Inv.,20060619,4151.0,4071.0,4092.0,126345470,30586,23,D,4070.0,4092.0
582,Tukafoolad.Inv.,20060620,4173.0,4112.0,4112.0,85587620,20510,12,D,4092.0,4112.0
583,Tukafoolad.Inv.,20060621,4194.0,4193.0,4193.0,331862822,79128,36,D,4112.0,4193.0
584,Tukafoolad.Inv.,20060624,4259.0,4190.0,4201.0,397318227,94575,49,D,4193.0,4201.0
585,Tukafoolad.Inv.,20060625,4190.0,4117.0,4150.0,572112612,137855,53,D,4201.0,4150.0
586,Tukafoolad.Inv.,20060626,4200.0,4150.0,4195.0,339828684,81001,26,D,4150.0,4195.0
587,Tukafoolad.Inv.,20060627,4195.0,4123.0,4139.0,598505493,144574,50,D,4195.0,4139.0
588,Tukafoolad.Inv.,20060628,4108.0,4057.0,4108.0,136422368,33537,30,D,4139.0,4108.0
589,Tukafoolad.Inv.,20060701,4107.0,4060.0,4099.0,107327998,26294,12,D,4108.0,4099.0
590,Tukafoolad.Inv.,20060702,4110.0,4071.0,4098.0,213942789,52197,26,D,4099.0,4098.0
591,Tukafoolad.Inv.,20060703,4135.0,4092.0,4100.0,174139964,42452,25,D,4098.0,4100.0
592,Tukafoolad.Inv.,20060704,4100.0,4090.0,4099.0,82556304,20148,11,D,4100.0,4099.0
593,Tukafoolad.Inv.,20060705,4180.0,4090.0,4175.0,2426468379,581084,135,D,4099.0,4175.0
594,Tukafoolad.Inv.,20060708,4258.0,4229.0,4248.0,466370313,109761,38,D,4175.0,4248.0
595,Tukafoolad.Inv.,20060709,4332.0,4300.0,4326.0,880577099,203514,91,D,4248.0,4326.0
596,Tukafoolad.Inv.,20060710,4412.0,4332.0,4406.0,778117388,176567,62,D,4326.0,4406.0
597,Tukafoolad.Inv.,20060711,4494.0,4493.0,4493.0,841850838,187328,63,D,4406.0,4493.0
598,Tukafoolad.Inv.,20060712,4582.0,4582.0,4582.0,653264904,142572,43,D,4493.0,4582.0
599,Tukafoolad.Inv.,20060715,4600.0,4491.0,4501.0,3301628840,733431,225,D,4582.0,4501.0
600,Tukafoolad.Inv.,20060716,4544.0,4412.0,4440.0,406684907,91580,45,D,4501.0,4440.0
601,Tukafoolad.Inv.,20060717,4449.0,4356.0,4400.0,354082988,80465,45,D,4440.0,4400.0
602,Tukafoolad.Inv.,20060718,4488.0,4370.0,4475.0,798965180,178516,55,D,4400.0,4475.0
603,Tukafoolad.Inv.,20060719,4564.0,4564.0,4564.0,1194640692,261753,65,D,4475.0,4564.0
604,Tukafoolad.Inv.,20060722,4655.0,4601.0,4618.0,232499055,49975,24,D,4564.0,4618.0
605,Tukafoolad.Inv.,20060723,4710.0,4688.0,4708.0,544392246,115616,59,D,4618.0,4708.0
606,Tukafoolad.Inv.,20060724,4802.0,4707.0,4781.0,1887658247,394780,88,D,4708.0,4781.0
607,Tukafoolad.Inv.,20060725,4876.0,4865.0,4865.0,345376722,70832,44,D,4781.0,4865.0
608,Tukafoolad.Inv.,20060726,4962.0,4870.0,4954.0,682303159,137726,53,D,4865.0,4954.0
609,Tukafoolad.Inv.,20060729,5053.0,5014.0,5014.0,248293924,49138,22,D,4954.0,5014.0
610,Tukafoolad.Inv.,20060730,5114.0,5098.0,5098.0,343742464,67216,27,D,5014.0,5098.0
611,Tukafoolad.Inv.,20060731,5199.0,5143.0,5143.0,186518764,35876,22,D,5098.0,5143.0
612,Tukafoolad.Inv.,20060801,5245.0,5051.0,5213.0,981693876,188316,84,D,5143.0,5213.0
613,Tukafoolad.Inv.,20060802,5317.0,5234.0,5234.0,88463416,16638,18,D,5213.0,5234.0
614,Tukafoolad.Inv.,20060805,5338.0,5338.0,5338.0,1003645422,188019,68,D,5234.0,5338.0
615,Tukafoolad.Inv.,20060806,5444.0,5435.0,5443.0,5539508091,1017568,190,D,5338.0,5443.0
616,Tukafoolad.Inv.,20060807,5480.0,5335.0,5374.0,2090810702,389042,133,D,5443.0,5374.0
617,Tukafoolad.Inv.,20060809,5330.0,5267.0,5277.0,716172614,135692,30,D,5374.0,5277.0
618,Tukafoolad.Inv.,20060812,5270.0,5172.0,5270.0,27340172,5286,4,D,5277.0,5270.0
619,Tukafoolad.Inv.,20060813,5165.0,5165.0,5165.0,546978665,105901,27,D,5270.0,5165.0
620,Tukafoolad.Inv.,20060814,5062.0,5062.0,5062.0,430320620,85010,25,D,5165.0,5062.0
621,Tukafoolad.Inv.,20060815,5163.0,4961.0,5073.0,4522196863,891369,306,D,5062.0,5073.0
622,Tukafoolad.Inv.,20060816,5174.0,5174.0,5174.0,872082874,168551,65,D,5073.0,5174.0
623,Tukafoolad.Inv.,20060819,5277.0,5200.0,5263.0,804366915,152806,62,D,5174.0,5263.0
624,Tukafoolad.Inv.,20060820,5291.0,5158.0,5188.0,674281126,129957,67,D,5263.0,5188.0
625,Tukafoolad.Inv.,20060821,5210.0,5090.0,5143.0,459073794,89259,44,D,5188.0,5143.0
626,Tukafoolad.Inv.,20060823,5245.0,5245.0,5245.0,577395825,110085,42,D,5143.0,5245.0
627,Tukafoolad.Inv.,20060826,5349.0,5306.0,5306.0,251135120,46950,19,D,5245.0,5306.0
628,Tukafoolad.Inv.,20060827,5412.0,5412.0,5412.0,432960000,80000,30,D,5306.0,5412.0
629,Tukafoolad.Inv.,20060828,5520.0,5436.0,5436.0,99215640,17974,12,D,5412.0,5436.0
630,Tukafoolad.Inv.,20060829,5544.0,5544.0,5544.0,700573104,126366,55,D,5436.0,5544.0
631,Tukafoolad.Inv.,20060830,5654.0,5652.0,5653.0,2476547262,438019,157,D,5544.0,5653.0
632,Tukafoolad.Inv.,20060902,5766.0,5766.0,5766.0,461354958,80013,40,D,5653.0,5766.0
633,Tukafoolad.Inv.,20060903,5881.0,5768.0,5768.0,11819680,2010,2,D,5766.0,5768.0
634,Tukafoolad.Inv.,20060904,5883.0,5883.0,5883.0,470640000,80000,38,D,5768.0,5883.0
635,Tukafoolad.Inv.,20060905,6000.0,5989.0,5998.0,1748006919,291400,163,D,5883.0,5998.0
636,Tukafoolad.Inv.,20061023,7020.0,6117.0,6825.0,18819681682,2757110,618,D,5998.0,6825.0
637,Tukafoolad.Inv.,20061028,6920.0,6689.0,6742.0,9772191988,1442811,192,D,6825.0,6742.0
638,Tukafoolad.Inv.,20061029,6742.0,6608.0,6644.0,1661479432,250040,84,D,6742.0,6644.0
639,Tukafoolad.Inv.,20061030,6600.0,6512.0,6528.0,3424749528,524553,215,D,6644.0,6528.0
640,Tukafoolad.Inv.,20061111,6333.0,6004.0,6239.0,1130964550,181254,65,D,6528.0,6239.0
641,Tukafoolad.Inv.,20061112,6239.0,6115.0,6127.0,772618520,126100,58,D,6239.0,6127.0
642,Tukafoolad.Inv.,20061113,6089.0,6005.0,6016.0,1602359352,266348,119,D,6127.0,6016.0
643,Tukafoolad.Inv.,20061114,6136.0,5950.0,6078.0,703274161,115702,55,D,6016.0,6078.0
644,Tukafoolad.Inv.,20061115,6199.0,6117.0,6117.0,159381669,25711,20,D,6078.0,6117.0
645,Tukafoolad.Inv.,20061118,6239.0,6239.0,6239.0,2567953683,411597,54,D,6117.0,6239.0
646,Tukafoolad.Inv.,20061119,6363.0,6275.0,6275.0,149421449,23483,8,D,6239.0,6275.0
647,Tukafoolad.Inv.,20061120,6400.0,6301.0,6393.0,2102193798,328808,105,D,6275.0,6393.0
648,Tukafoolad.Inv.,20061121,6400.0,6266.0,6355.0,915097894,143984,60,D,6393.0,6355.0
649,Tukafoolad.Inv.,20061122,6399.0,6228.0,6330.0,1026266492,162114,73,D,6355.0,6330.0
650,Tukafoolad.Inv.,20061125,6420.0,6330.0,6363.0,326808264,51205,29,D,6330.0,6363.0
651,Tukafoolad.Inv.,20061126,6329.0,6236.0,6288.0,545306843,86721,35,D,6363.0,6288.0
652,Tukafoolad.Inv.,20061127,6200.0,6163.0,6165.0,687840648,111565,47,D,6288.0,6165.0
653,Tukafoolad.Inv.,20061128,6225.0,6042.0,6095.0,846324023,138846,76,D,6165.0,6095.0
654,Tukafoolad.Inv.,20061129,6075.0,5974.0,5987.0,1968266596,328705,113,D,6095.0,5987.0
655,Tukafoolad.Inv.,20061202,6106.0,6106.0,6106.0,540790102,88567,32,D,5987.0,6106.0
656,Tukafoolad.Inv.,20061203,6228.0,6109.0,6109.0,12766210,2050,4,D,6106.0,6109.0
657,Tukafoolad.Inv.,20061204,6231.0,6201.0,6201.0,377074896,60516,26,D,6109.0,6201.0
658,Tukafoolad.Inv.,20061205,6325.0,6325.0,6325.0,829909575,131211,51,D,6201.0,6325.0
659,Tukafoolad.Inv.,20061206,6451.0,6320.0,6432.0,4718464397,733513,240,D,6325.0,6432.0
660,Tukafoolad.Inv.,20061209,6432.0,6311.0,6345.0,1211626720,190943,80,D,6432.0,6345.0
661,Tukafoolad.Inv.,20061210,6471.0,6219.0,6348.0,1195272107,188266,76,D,6345.0,6348.0
662,Tukafoolad.Inv.,20061211,6410.0,6311.0,6358.0,1719888121,270472,108,D,6348.0,6358.0
663,Tukafoolad.Inv.,20061212,6485.0,6390.0,6473.0,1723570393,266258,80,D,6358.0,6473.0
664,Tukafoolad.Inv.,20061213,6602.0,6512.0,6590.0,2957208508,448738,137,D,6473.0,6590.0
665,Tukafoolad.Inv.,20061216,6620.0,6550.0,6596.0,2117511489,320988,128,D,6590.0,6596.0
666,Tukafoolad.Inv.,20061217,6700.0,6610.0,6658.0,1315536328,197573,78,D,6596.0,6658.0
667,Tukafoolad.Inv.,20061218,6654.0,6526.0,6554.0,789978636,120516,65,D,6658.0,6554.0
668,Tukafoolad.Inv.,20061219,6554.0,6450.0,6521.0,454584018,69756,52,D,6554.0,6521.0
669,Tukafoolad.Inv.,20061220,6501.0,6391.0,6501.0,104178083,16225,16,D,6521.0,6501.0
670,Tukafoolad.Inv.,20061223,6457.0,6371.0,6457.0,171947779,26989,25,D,6501.0,6457.0
671,Tukafoolad.Inv.,20061224,6420.0,6328.0,6420.0,144684312,22864,10,D,6457.0,6420.0
672,Tukafoolad.Inv.,20061225,6402.0,6292.0,6402.0,71239124,11322,7,D,6420.0,6402.0
673,Tukafoolad.Inv.,20061226,6331.0,6274.0,6331.0,276778080,44115,14,D,6402.0,6331.0
674,Tukafoolad.Inv.,20061227,6276.0,6205.0,6211.0,2997625113,482571,176,D,6331.0,6211.0
675,Tukafoolad.Inv.,20061230,6335.0,6126.0,6279.0,645460898,102784,44,D,6211.0,6279.0
676,Tukafoolad.Inv.,20070101,6349.0,6227.0,6300.0,434828788,68978,33,D,6279.0,6300.0
677,Tukafoolad.Inv.,20070102,6420.0,6300.0,6383.0,728146593,114072,60,D,6300.0,6383.0
678,Tukafoolad.Inv.,20070103,6510.0,6256.0,6368.0,548039645,86060,38,D,6383.0,6368.0
679,Tukafoolad.Inv.,20070106,6343.0,6241.0,6343.0,100158911,16046,9,D,6368.0,6343.0
680,Tukafoolad.Inv.,20070107,6293.0,6217.0,6293.0,198863939,31987,11,D,6343.0,6293.0
681,Tukafoolad.Inv.,20070109,6284.0,6168.0,6284.0,35874248,5816,3,D,6293.0,6284.0
682,Tukafoolad.Inv.,20070110,6284.0,6159.0,6284.0,1651862,268,2,D,6284.0,6284.0
683,Tukafoolad.Inv.,20070113,6283.0,6159.0,6283.0,4990030,810,2,D,6284.0,6283.0
684,Tukafoolad.Inv.,20070114,6283.0,6158.0,6283.0,1743964,283,3,D,6283.0,6283.0
685,Tukafoolad.Inv.,20070116,6283.0,6158.0,6283.0,1103532,179,3,D,6283.0,6283.0
686,Tukafoolad.Inv.,20070117,6283.0,6158.0,6283.0,1651594,268,2,D,6283.0,6283.0
687,Tukafoolad.Inv.,20070121,6281.0,6158.0,6281.0,6220810,1010,3,D,6283.0,6281.0
688,Tukafoolad.Inv.,20070123,6273.0,6156.0,6273.0,30842730,5010,3,D,6281.0,6273.0
689,Tukafoolad.Inv.,20070124,6148.0,6148.0,6148.0,491840000,80000,22,D,6273.0,6148.0
690,Tukafoolad.Inv.,20070127,6148.0,6026.0,6148.0,1302836,216,2,D,6148.0,6148.0
691,Tukafoolad.Inv.,20070207,6148.0,6026.0,6148.0,820756,136,2,D,6148.0,6148.0
692,Tukafoolad.Inv.,20070212,6146.0,6026.0,6146.0,9799476,1626,3,D,6148.0,6146.0
693,Tukafoolad.Inv.,20070213,6103.0,6024.0,6103.0,168733030,28010,8,D,6146.0,6103.0
694,Tukafoolad.Inv.,20070218,6042.0,5981.0,6042.0,239850672,40102,13,D,6103.0,6042.0
695,Tukafoolad.Inv.,20070221,6028.0,5922.0,6028.0,54755872,9246,2,D,6042.0,6028.0
696,Tukafoolad.Inv.,20070224,5908.0,5908.0,5908.0,472640000,80000,37,D,6028.0,5908.0
697,Tukafoolad.Inv.,20070226,5790.0,5790.0,5790.0,468990000,81000,22,D,5908.0,5790.0
698,Tukafoolad.Inv.,20070227,5675.0,5675.0,5675.0,520567750,91730,23,D,5790.0,5675.0
699,Tukafoolad.Inv.,20070228,5635.0,5562.0,5635.0,159224104,28627,14,D,5675.0,5635.0
700,Tukafoolad.Inv.,20070325,5000.0,2700.0,2908.0,225313180,77459,30,D,5635.0,2908.0
701,Tukafoolad.Inv.,20070326,2908.0,2850.0,2908.0,1989880,698,3,D,2908.0,2908.0
702,Tukafoolad.Inv.,20070331,2907.0,2850.0,2907.0,2249220,789,3,D,2908.0,2907.0
703,Tukafoolad.Inv.,20070404,2905.0,2849.0,2905.0,9054682,3178,4,D,2907.0,2905.0
704,Tukafoolad.Inv.,20070408,2882.0,2847.0,2882.0,92143505,32365,12,D,2905.0,2882.0
705,Tukafoolad.Inv.,20070409,2878.0,2825.0,2878.0,13950380,4938,2,D,2882.0,2878.0
706,Tukafoolad.Inv.,20070410,2877.0,2821.0,2877.0,3842762,1362,3,D,2878.0,2877.0
707,Tukafoolad.Inv.,20070416,2876.0,2820.0,2876.0,2620340,929,3,D,2877.0,2876.0
708,Tukafoolad.Inv.,20070418,2875.0,2819.0,2875.0,4990190,1770,4,D,2876.0,2875.0
709,Tukafoolad.Inv.,20070421,2870.0,2818.0,2870.0,19895600,7060,2,D,2875.0,2870.0
710,Tukafoolad.Inv.,20070423,2863.0,2813.0,2863.0,29565130,10510,8,D,2870.0,2863.0
711,Tukafoolad.Inv.,20070424,2831.0,2806.0,2831.0,126898794,45224,14,D,2863.0,2831.0
712,Tukafoolad.Inv.,20070425,2816.0,2775.0,2816.0,60498185,21801,6,D,2831.0,2816.0
713,Tukafoolad.Inv.,20070428,2803.0,2760.0,2803.0,52117510,18883,9,D,2816.0,2803.0
714,Tukafoolad.Inv.,20070429,2803.0,2747.0,2803.0,1456470,530,3,D,2803.0,2803.0
715,Tukafoolad.Inv.,20070430,2783.0,2747.0,2783.0,77028987,28041,9,D,2803.0,2783.0
716,Tukafoolad.Inv.,20070501,2783.0,2728.0,2783.0,559790,205,2,D,2783.0,2783.0
717,Tukafoolad.Inv.,20070502,2768.0,2728.0,2768.0,59506264,21813,8,D,2783.0,2768.0
718,Tukafoolad.Inv.,20070505,2767.0,2713.0,2767.0,3250714,1198,3,D,2768.0,2767.0
719,Tukafoolad.Inv.,20070506,2765.0,2712.0,2765.0,6861890,2530,4,D,2767.0,2765.0
720,Tukafoolad.Inv.,20070508,2765.0,2710.0,2765.0,1304060,481,2,D,2765.0,2765.0
721,Tukafoolad.Inv.,20070512,2754.0,2710.0,2754.0,41981050,15491,7,D,2765.0,2754.0
722,Tukafoolad.Inv.,20070513,2745.0,2699.0,2745.0,34609737,12823,11,D,2754.0,2745.0
723,Tukafoolad.Inv.,20070514,2744.0,2691.0,2744.0,4992335,1855,2,D,2745.0,2744.0
724,Tukafoolad.Inv.,20070519,2742.0,2690.0,2742.0,8436360,3136,4,D,2744.0,2742.0
725,Tukafoolad.Inv.,20070521,2741.0,2688.0,2741.0,3016466,1122,3,D,2742.0,2741.0
726,Tukafoolad.Inv.,20070523,2740.0,2687.0,2740.0,3601110,1340,3,D,2741.0,2740.0
727,Tukafoolad.Inv.,20070620,2739.0,2686.0,2739.0,4948142,1842,2,D,2740.0,2739.0
728,Tukafoolad.Inv.,20070626,2739.0,2685.0,2739.0,1020840,380,2,D,2739.0,2739.0
729,Tukafoolad.Inv.,20070701,2739.0,2685.0,2739.0,81090,30,2,D,2739.0,2739.0
730,Tukafoolad.Inv.,20070702,2699.0,2685.0,2699.0,161126990,60010,17,D,2739.0,2699.0
731,Tukafoolad.Inv.,20070703,2673.0,2646.0,2673.0,211706730,80010,25,D,2699.0,2673.0
732,Tukafoolad.Inv.,20070704,2640.0,2620.0,2640.0,262026400,100010,11,D,2673.0,2640.0
733,Tukafoolad.Inv.,20070707,2588.0,2588.0,2588.0,439960000,170000,36,D,2640.0,2588.0
734,Tukafoolad.Inv.,20070708,2586.0,2537.0,2586.0,16143421,6363,3,D,2588.0,2586.0
735,Tukafoolad.Inv.,20070714,2586.0,2535.0,2586.0,3207285,1265,3,D,2586.0,2586.0
736,Tukafoolad.Inv.,20070723,2561.0,2535.0,2561.0,202825610,80010,18,D,2586.0,2561.0
737,Tukafoolad.Inv.,20070731,2529.0,2510.0,2529.0,251025290,100010,28,D,2561.0,2529.0
738,Tukafoolad.Inv.,20070801,2513.0,2479.0,2513.0,123987525,50015,14,D,2529.0,2513.0
739,Tukafoolad.Inv.,20070804,2510.0,2463.0,2510.0,24655100,10010,3,D,2513.0,2510.0
740,Tukafoolad.Inv.,20070805,2475.0,2460.0,2475.0,275593950,112030,27,D,2510.0,2475.0
741,Tukafoolad.Inv.,20070806,2457.0,2426.0,2457.0,145584570,60010,7,D,2475.0,2457.0
742,Tukafoolad.Inv.,20070808,2506.0,2408.0,2427.0,2188963418,901798,257,D,2457.0,2427.0
743,Tukafoolad.Inv.,20070812,2475.0,2475.0,2475.0,405214425,163723,37,D,2427.0,2475.0
744,Tukafoolad.Inv.,20070813,2524.0,2524.0,2524.0,406144412,160913,50,D,2475.0,2524.0
745,Tukafoolad.Inv.,20070814,2574.0,2573.0,2573.0,2150759691,835617,207,D,2524.0,2573.0
746,Tukafoolad.Inv.,20070815,2624.0,2624.0,2624.0,416943104,158896,36,D,2573.0,2624.0
747,Tukafoolad.Inv.,20070818,2676.0,2572.0,2643.0,3083357496,1166486,272,D,2624.0,2643.0
748,Tukafoolad.Inv.,20070819,2695.0,2643.0,2690.0,1093841050,406574,118,D,2643.0,2690.0
749,Tukafoolad.Inv.,20070820,2743.0,2740.0,2742.0,3101842877,1130860,170,D,2690.0,2742.0
750,Tukafoolad.Inv.,20070821,2796.0,2796.0,2796.0,621984180,222455,63,D,2742.0,2796.0
751,Tukafoolad.Inv.,20070822,2851.0,2741.0,2826.0,1714919349,606674,164,D,2796.0,2826.0
752,Tukafoolad.Inv.,20070825,2820.0,2770.0,2795.0,999163991,357425,84,D,2826.0,2795.0
753,Tukafoolad.Inv.,20070826,2794.0,2740.0,2794.0,8247940,3010,3,D,2795.0,2794.0
754,Tukafoolad.Inv.,20070827,2756.0,2739.0,2756.0,301317560,110010,18,D,2794.0,2756.0
755,Tukafoolad.Inv.,20070828,2729.0,2701.0,2729.0,216107290,80010,22,D,2756.0,2729.0
756,Tukafoolad.Inv.,20070901,2701.0,2675.0,2677.0,1750524556,653761,175,D,2729.0,2677.0
757,Tukafoolad.Inv.,20070902,2730.0,2647.0,2711.0,1279055221,471764,118,D,2677.0,2711.0
758,Tukafoolad.Inv.,20070903,2765.0,2675.0,2734.0,674927010,246804,71,D,2711.0,2734.0
759,Tukafoolad.Inv.,20070904,2734.0,2680.0,2696.0,445256420,165125,46,D,2734.0,2696.0
760,Tukafoolad.Inv.,20070905,2695.0,2643.0,2648.0,1583255299,597743,150,D,2696.0,2648.0
761,Tukafoolad.Inv.,20070908,2630.0,2596.0,2600.0,1858527158,711731,83,D,2648.0,2600.0
762,Tukafoolad.Inv.,20070909,2652.0,2620.0,2650.0,432458770,163164,46,D,2600.0,2650.0
763,Tukafoolad.Inv.,20070910,2700.0,2597.0,2616.0,782137191,298880,84,D,2650.0,2616.0
764,Tukafoolad.Inv.,20070911,2640.0,2583.0,2604.0,756499844,290459,66,D,2616.0,2604.0
765,Tukafoolad.Inv.,20070912,2656.0,2600.0,2640.0,1261197021,477568,126,D,2604.0,2640.0
766,Tukafoolad.Inv.,20070915,2692.0,2683.0,2690.0,1167422318,433876,123,D,2640.0,2690.0
767,Tukafoolad.Inv.,20070916,2701.0,2637.0,2664.0,272195742,102682,30,D,2690.0,2664.0
768,Tukafoolad.Inv.,20070917,2611.0,2611.0,2611.0,417475401,159891,38,D,2664.0,2611.0
769,Tukafoolad.Inv.,20070918,2663.0,2600.0,2637.0,1070537192,405923,115,D,2611.0,2637.0
770,Tukafoolad.Inv.,20070919,2637.0,2585.0,2601.0,293610856,113508,24,D,2637.0,2601.0
771,Tukafoolad.Inv.,20070922,2597.0,2549.0,2555.0,477467600,186842,63,D,2601.0,2555.0
772,Tukafoolad.Inv.,20070923,2555.0,2504.0,2506.0,405087583,161586,55,D,2555.0,2506.0
773,Tukafoolad.Inv.,20070924,2500.0,2456.0,2462.0,507983508,206300,59,D,2506.0,2462.0
774,Tukafoolad.Inv.,20070925,2470.0,2418.0,2448.0,840581504,343356,79,D,2462.0,2448.0
775,Tukafoolad.Inv.,20070926,2496.0,2427.0,2452.0,239902484,97699,48,D,2448.0,2452.0
776,Tukafoolad.Inv.,20070929,2501.0,2404.0,2498.0,526895838,210868,60,D,2452.0,2498.0
777,Tukafoolad.Inv.,20070930,2530.0,2499.0,2501.0,118850105,47384,15,D,2498.0,2501.0
778,Tukafoolad.Inv.,20071001,2530.0,2501.0,2508.0,457602772,182393,57,D,2501.0,2508.0
779,Tukafoolad.Inv.,20071002,2549.0,2510.0,2519.0,201122786,79439,30,D,2508.0,2519.0
780,Tukafoolad.Inv.,20071006,2569.0,2555.0,2567.0,657536674,256075,70,D,2519.0,2567.0
781,Tukafoolad.Inv.,20071007,2618.0,2556.0,2590.0,1402720724,540794,89,D,2567.0,2590.0
782,Tukafoolad.Inv.,20071008,2611.0,2539.0,2562.0,231334085,91021,27,D,2590.0,2562.0
783,Tukafoolad.Inv.,20071009,2512.0,2511.0,2512.0,394287274,157024,47,D,2562.0,2512.0
784,Tukafoolad.Inv.,20071010,2462.0,2462.0,2462.0,468006504,190092,53,D,2512.0,2462.0
785,Tukafoolad.Inv.,20071014,2426.0,2413.0,2413.0,1210821525,501613,123,D,2462.0,2413.0
786,Tukafoolad.Inv.,20071015,2461.0,2410.0,2457.0,585072827,238105,65,D,2413.0,2457.0
787,Tukafoolad.Inv.,20071016,2506.0,2462.0,2497.0,562594052,225287,66,D,2457.0,2497.0
788,Tukafoolad.Inv.,20071017,2500.0,2448.0,2485.0,113999326,46400,22,D,2497.0,2485.0
789,Tukafoolad.Inv.,20071028,2481.0,2436.0,2481.0,34323690,14090,3,D,2485.0,2481.0
790,Tukafoolad.Inv.,20071029,2475.0,2432.0,2475.0,50291758,20679,8,D,2481.0,2475.0
791,Tukafoolad.Inv.,20071030,2431.0,2426.0,2431.0,347939396,143421,35,D,2475.0,2431.0
792,Tukafoolad.Inv.,20071111,1978.0,1802.0,1880.0,340809962,181240,45,D,2431.0,1880.0
793,Tukafoolad.Inv.,20071112,1843.0,1843.0,1843.0,294880000,160000,34,D,1880.0,1843.0
794,Tukafoolad.Inv.,20071113,1807.0,1807.0,1807.0,324408903,179529,43,D,1843.0,1807.0
795,Tukafoolad.Inv.,20071114,1810.0,1771.0,1774.0,1699398980,957588,201,D,1807.0,1774.0
796,Tukafoolad.Inv.,20071117,1809.0,1754.0,1793.0,652278428,363765,86,D,1774.0,1793.0
797,Tukafoolad.Inv.,20071118,1799.0,1761.0,1783.0,429855315,240984,61,D,1793.0,1783.0
798,Tukafoolad.Inv.,20071119,1783.0,1748.0,1756.0,237246014,135434,36,D,1783.0,1756.0
799,Tukafoolad.Inv.,20071120,1735.0,1721.0,1723.0,392406637,227661,50,D,1756.0,1723.0
800,Tukafoolad.Inv.,20071121,1757.0,1689.0,1726.0,166337801,96221,26,D,1723.0,1726.0
801,Tukafoolad.Inv.,20071124,1760.0,1692.0,1723.0,323670945,187820,50,D,1726.0,1723.0
802,Tukafoolad.Inv.,20071125,1740.0,1719.0,1724.0,78888131,45729,11,D,1723.0,1724.0
803,Tukafoolad.Inv.,20071126,1724.0,1700.0,1722.0,66293134,38674,12,D,1724.0,1722.0
804,Tukafoolad.Inv.,20071127,1709.0,1690.0,1698.0,206265926,121933,38,D,1722.0,1698.0
805,Tukafoolad.Inv.,20071128,1670.0,1665.0,1665.0,284412015,170791,38,D,1698.0,1665.0
806,Tukafoolad.Inv.,20071201,1660.0,1632.0,1660.0,36775768,22534,7,D,1665.0,1660.0
807,Tukafoolad.Inv.,20071203,1658.0,1627.0,1658.0,14710017,9041,6,D,1660.0,1658.0
808,Tukafoolad.Inv.,20071204,1658.0,1625.0,1658.0,3081330,1896,3,D,1658.0,1658.0
809,Tukafoolad.Inv.,20071205,1691.0,1625.0,1669.0,1537984512,921181,155,D,1658.0,1669.0
810,Tukafoolad.Inv.,20071208,1702.0,1649.0,1674.0,85934841,50974,14,D,1669.0,1674.0
811,Tukafoolad.Inv.,20071209,1707.0,1700.0,1706.0,749288394,438982,106,D,1674.0,1706.0
812,Tukafoolad.Inv.,20071210,1740.0,1739.0,1739.0,271178990,155850,40,D,1706.0,1739.0
813,Tukafoolad.Inv.,20071211,1773.0,1713.0,1763.0,534474943,302991,71,D,1739.0,1763.0
814,Tukafoolad.Inv.,20071212,1766.0,1728.0,1733.0,481781579,277924,55,D,1763.0,1733.0
815,Tukafoolad.Inv.,20071215,1767.0,1747.0,1750.0,175562389,99656,26,D,1733.0,1750.0
816,Tukafoolad.Inv.,20071216,1750.0,1723.0,1748.0,78064480,44774,12,D,1750.0,1748.0
817,Tukafoolad.Inv.,20071217,1740.0,1716.0,1740.0,72501240,42250,12,D,1748.0,1740.0
818,Tukafoolad.Inv.,20071218,1724.0,1706.0,1724.0,129355924,75824,21,D,1740.0,1724.0
819,Tukafoolad.Inv.,20071219,1723.0,1690.0,1723.0,11935110,7062,3,D,1724.0,1723.0
820,Tukafoolad.Inv.,20071222,1723.0,1689.0,1723.0,2023762,1198,4,D,1723.0,1723.0
821,Tukafoolad.Inv.,20071224,1717.0,1689.0,1717.0,49802134,29486,8,D,1723.0,1717.0
822,Tukafoolad.Inv.,20071225,1708.0,1683.0,1708.0,67650118,40196,12,D,1717.0,1708.0
823,Tukafoolad.Inv.,20071226,1724.0,1674.0,1680.0,971300660,577902,128,D,1708.0,1680.0
824,Tukafoolad.Inv.,20071230,1713.0,1700.0,1711.0,552350268,322776,60,D,1680.0,1711.0
825,Tukafoolad.Inv.,20071231,1745.0,1739.0,1744.0,480767952,275602,69,D,1711.0,1744.0
826,Tukafoolad.Inv.,20080101,1742.0,1710.0,1742.0,26323320,15300,6,D,1744.0,1742.0
827,Tukafoolad.Inv.,20080102,1776.0,1708.0,1731.0,781380602,451251,89,D,1742.0,1731.0
828,Tukafoolad.Inv.,20080105,1765.0,1744.0,1755.0,293094488,166942,52,D,1731.0,1755.0
829,Tukafoolad.Inv.,20080106,1790.0,1720.0,1726.0,389422426,225497,48,D,1755.0,1726.0
830,Tukafoolad.Inv.,20080108,1740.0,1728.0,1728.0,84870472,48921,20,D,1726.0,1728.0
831,Tukafoolad.Inv.,20080109,1762.0,1728.0,1750.0,1363651198,785963,64,D,1728.0,1750.0
832,Tukafoolad.Inv.,20080112,1785.0,1752.0,1752.0,15206075,8533,9,D,1750.0,1752.0
833,Tukafoolad.Inv.,20080113,1787.0,1782.0,1782.0,243049820,136010,17,D,1752.0,1782.0
834,Tukafoolad.Inv.,20080114,1817.0,1799.0,1799.0,143842625,79165,19,D,1782.0,1799.0
835,Tukafoolad.Inv.,20080115,1834.0,1834.0,1834.0,293440000,160000,46,D,1799.0,1834.0
836,Tukafoolad.Inv.,20080116,1870.0,1870.0,1870.0,296739080,158684,54,D,1834.0,1870.0
837,Tukafoolad.Inv.,20080120,1907.0,1842.0,1895.0,1602529653,845151,216,D,1870.0,1895.0
838,Tukafoolad.Inv.,20080121,1932.0,1870.0,1917.0,413680532,215780,51,D,1895.0,1917.0
839,Tukafoolad.Inv.,20080122,1955.0,1918.0,1918.0,8816680,4510,3,D,1917.0,1918.0
840,Tukafoolad.Inv.,20080123,1956.0,1952.0,1956.0,1581544974,808596,218,D,1918.0,1956.0
841,Tukafoolad.Inv.,20080126,1995.0,1995.0,1995.0,319200000,160000,38,D,1956.0,1995.0
842,Tukafoolad.Inv.,20080127,2034.0,2019.0,2019.0,203420190,100010,27,D,1995.0,2019.0
843,Tukafoolad.Inv.,20080128,2059.0,1979.0,2041.0,3564498092,1746244,376,D,2019.0,2041.0
844,Tukafoolad.Inv.,20080129,2039.0,2001.0,2039.0,15476114,7734,6,D,2041.0,2039.0
845,Tukafoolad.Inv.,20080130,2077.0,1999.0,2002.0,2670047336,1333497,205,D,2039.0,2002.0
846,Tukafoolad.Inv.,20080202,2042.0,2040.0,2041.0,699789726,342708,94,D,2002.0,2041.0
847,Tukafoolad.Inv.,20080203,2041.0,2001.0,2001.0,1042176486,520802,121,D,2041.0,2001.0
848,Tukafoolad.Inv.,20080204,2009.0,1961.0,1991.0,452838065,227354,60,D,2001.0,1991.0
849,Tukafoolad.Inv.,20080205,1999.0,1952.0,1992.0,366431987,183944,50,D,1991.0,1992.0
850,Tukafoolad.Inv.,20080206,1960.0,1953.0,1957.0,278872004,142788,37,D,1992.0,1957.0
851,Tukafoolad.Inv.,20080209,1952.0,1918.0,1944.0,113749250,59203,18,D,1957.0,1944.0
852,Tukafoolad.Inv.,20080210,1907.0,1906.0,1906.0,883079484,463314,66,D,1944.0,1906.0
853,Tukafoolad.Inv.,20080212,1884.0,1868.0,1884.0,174863640,93610,25,D,1906.0,1884.0
854,Tukafoolad.Inv.,20080213,1880.0,1847.0,1850.0,798185968,431332,86,D,1884.0,1850.0
855,Tukafoolad.Inv.,20080216,1850.0,1813.0,1843.0,96294639,52660,22,D,1850.0,1843.0
856,Tukafoolad.Inv.,20080217,1807.0,1807.0,1807.0,371157800,205400,34,D,1843.0,1807.0
857,Tukafoolad.Inv.,20080218,1806.0,1779.0,1795.0,245416942,136872,47,D,1807.0,1795.0
858,Tukafoolad.Inv.,20080219,1830.0,1821.0,1821.0,227412159,124327,35,D,1795.0,1821.0
859,Tukafoolad.Inv.,20080220,1857.0,1800.0,1822.0,391896304,215043,27,D,1821.0,1822.0
860,Tukafoolad.Inv.,20080223,1858.0,1820.0,1842.0,253556745,137362,47,D,1822.0,1842.0
861,Tukafoolad.Inv.,20080224,1875.0,1806.0,1810.0,256662903,142107,45,D,1842.0,1810.0
862,Tukafoolad.Inv.,20080225,1806.0,1774.0,1806.0,66186662,36880,15,D,1810.0,1806.0
863,Tukafoolad.Inv.,20080226,1807.0,1782.0,1805.0,209952378,116260,27,D,1806.0,1805.0
864,Tukafoolad.Inv.,20080227,1840.0,1791.0,1806.0,62253644,34416,14,D,1805.0,1806.0
865,Tukafoolad.Inv.,20080301,1780.0,1770.0,1770.0,280974977,158656,44,D,1806.0,1770.0
866,Tukafoolad.Inv.,20080302,1750.0,1735.0,1750.0,165855000,95510,29,D,1770.0,1750.0
867,Tukafoolad.Inv.,20080303,1767.0,1715.0,1728.0,633843190,366608,63,D,1750.0,1728.0
868,Tukafoolad.Inv.,20080304,1761.0,1695.0,1746.0,357652810,204743,51,D,1728.0,1746.0
869,Tukafoolad.Inv.,20080305,1750.0,1720.0,1732.0,461135724,266201,68,D,1746.0,1732.0
870,Tukafoolad.Inv.,20080309,1747.0,1716.0,1731.0,79199790,45756,19,D,1732.0,1731.0
871,Tukafoolad.Inv.,20080310,1765.0,1697.0,1728.0,368028216,212948,56,D,1731.0,1728.0
872,Tukafoolad.Inv.,20080311,1728.0,1700.0,1721.0,94459334,55330,20,D,1728.0,1721.0
873,Tukafoolad.Inv.,20080312,1721.0,1694.0,1711.0,137503885,80789,29,D,1721.0,1711.0
874,Tukafoolad.Inv.,20080315,1711.0,1690.0,1709.0,51115759,30073,10,D,1711.0,1709.0
875,Tukafoolad.Inv.,20080316,1720.0,1690.0,1706.0,190129252,111459,36,D,1709.0,1706.0
876,Tukafoolad.Inv.,20080317,1730.0,1700.0,1712.0,251942931,147045,42,D,1706.0,1712.0
877,Tukafoolad.Inv.,20080318,1746.0,1725.0,1725.0,113763708,65183,17,D,1712.0,1725.0
878,Tukafoolad.Inv.,20080324,1759.0,1727.0,1727.0,19401450,11030,4,D,1725.0,1727.0
879,Tukafoolad.Inv.,20080326,1761.0,1730.0,1730.0,27797075,15785,8,D,1727.0,1730.0
880,Tukafoolad.Inv.,20080330,1764.0,1737.0,1737.0,58229370,33010,9,D,1730.0,1737.0
881,Tukafoolad.Inv.,20080402,1771.0,1771.0,1771.0,286335280,161680,27,D,1737.0,1771.0
882,Tukafoolad.Inv.,20080405,1806.0,1800.0,1805.0,454478306,251768,54,D,1771.0,1805.0
883,Tukafoolad.Inv.,20080406,1841.0,1813.0,1840.0,4472592670,2429726,82,D,1805.0,1840.0
884,Tukafoolad.Inv.,20080407,1876.0,1859.0,1859.0,160953126,85796,21,D,1840.0,1859.0
885,Tukafoolad.Inv.,20080408,1896.0,1869.0,1895.0,2937245230,1549315,253,D,1859.0,1895.0
886,Tukafoolad.Inv.,20080409,1866.0,1858.0,1866.0,235663226,126837,30,D,1895.0,1866.0
887,Tukafoolad.Inv.,20080412,1865.0,1829.0,1865.0,7901640,4320,3,D,1866.0,1865.0
888,Tukafoolad.Inv.,20080413,1863.0,1828.0,1863.0,13308190,7280,4,D,1865.0,1863.0
889,Tukafoolad.Inv.,20080414,1861.0,1826.0,1861.0,13041642,7142,5,D,1863.0,1861.0
890,Tukafoolad.Inv.,20080415,1824.0,1824.0,1824.0,291840000,160000,29,D,1861.0,1824.0
891,Tukafoolad.Inv.,20080416,1788.0,1788.0,1788.0,306642000,171500,46,D,1824.0,1788.0
892,Tukafoolad.Inv.,20080419,1818.0,1753.0,1761.0,1053265491,598083,162,D,1788.0,1761.0
893,Tukafoolad.Inv.,20080420,1750.0,1726.0,1730.0,398743712,230450,55,D,1761.0,1730.0
894,Tukafoolad.Inv.,20080421,1764.0,1730.0,1749.0,195345529,111166,34,D,1730.0,1749.0
895,Tukafoolad.Inv.,20080422,1783.0,1774.0,1774.0,219781330,123300,40,D,1749.0,1774.0
896,Tukafoolad.Inv.,20080423,1808.0,1739.0,1748.0,604190196,345498,80,D,1774.0,1748.0
897,Tukafoolad.Inv.,20080426,1782.0,1767.0,1767.0,172454790,96912,28,D,1748.0,1767.0
898,Tukafoolad.Inv.,20080427,1743.0,1732.0,1743.0,204204508,117735,33,D,1767.0,1743.0
899,Tukafoolad.Inv.,20080428,1724.0,1709.0,1724.0,182448108,106404,41,D,1743.0,1724.0
900,Tukafoolad.Inv.,20080429,1750.0,1700.0,1717.0,203802288,118891,36,D,1724.0,1717.0
901,Tukafoolad.Inv.,20080430,1734.0,1719.0,1719.0,90365460,52423,19,D,1717.0,1719.0
902,Tukafoolad.Inv.,20080503,1712.0,1700.0,1712.0,106085920,62403,21,D,1719.0,1712.0
903,Tukafoolad.Inv.,20080504,1727.0,1700.0,1712.0,135922284,79403,27,D,1712.0,1712.0
904,Tukafoolad.Inv.,20080505,1705.0,1700.0,1704.0,220403286,129485,39,D,1712.0,1704.0
905,Tukafoolad.Inv.,20080506,1701.0,1673.0,1698.0,190119428,112090,34,D,1704.0,1698.0
906,Tukafoolad.Inv.,20080507,1731.0,1680.0,1716.0,618023294,360077,90,D,1698.0,1716.0
907,Tukafoolad.Inv.,20080510,1767.0,1706.0,1743.0,375143528,215166,57,D,1716.0,1743.0
908,Tukafoolad.Inv.,20080511,1743.0,1693.0,1712.0,606939098,354446,63,D,1743.0,1712.0
909,Tukafoolad.Inv.,20080512,1763.0,1691.0,1737.0,1004959933,578401,128,D,1712.0,1737.0
910,Tukafoolad.Inv.,20080513,1789.0,1740.0,1775.0,464069828,261352,57,D,1737.0,1775.0
911,Tukafoolad.Inv.,20080514,1760.0,1722.0,1725.0,750548889,435283,60,D,1775.0,1725.0
912,Tukafoolad.Inv.,20080517,1699.0,1674.0,1678.0,314917562,187670,50,D,1725.0,1678.0
913,Tukafoolad.Inv.,20080518,1720.0,1685.0,1697.0,212927205,125049,33,D,1678.0,1697.0
914,Tukafoolad.Inv.,20080519,1715.0,1694.0,1698.0,264708432,155878,50,D,1697.0,1698.0
915,Tukafoolad.Inv.,20080520,1748.0,1696.0,1731.0,413517972,238855,46,D,1698.0,1731.0
916,Tukafoolad.Inv.,20080601,1940.0,1790.0,1842.0,1645756968,893390,213,D,1731.0,1842.0
917,Tukafoolad.Inv.,20080602,1897.0,1829.0,1888.0,622940101,329825,70,D,1842.0,1888.0
918,Tukafoolad.Inv.,20080608,1944.0,1944.0,1944.0,309403152,159158,34,D,1888.0,1944.0
919,Tukafoolad.Inv.,20080609,2002.0,1905.0,1977.0,1527971716,772497,166,D,1944.0,1977.0
920,Tukafoolad.Inv.,20080610,1980.0,1918.0,1922.0,866429790,450579,95,D,1977.0,1922.0
921,Tukafoolad.Inv.,20080611,1960.0,1865.0,1874.0,1300853465,694091,176,D,1922.0,1874.0
922,Tukafoolad.Inv.,20080614,1892.0,1850.0,1860.0,1306821440,702234,131,D,1874.0,1860.0
923,Tukafoolad.Inv.,20080615,1915.0,1860.0,1909.0,499512254,261544,69,D,1860.0,1909.0
924,Tukafoolad.Inv.,20080616,1966.0,1881.0,1960.0,1419496627,724065,182,D,1909.0,1960.0
925,Tukafoolad.Inv.,20080617,2000.0,1946.0,1975.0,688279334,348384,99,D,1960.0,1975.0
926,Tukafoolad.Inv.,20080618,1998.0,1954.0,1966.0,671699936,341566,87,D,1975.0,1966.0
927,Tukafoolad.Inv.,20080621,2024.0,1998.0,2018.0,1124922040,557358,105,D,1966.0,2018.0
928,Tukafoolad.Inv.,20080622,2049.0,1958.0,1981.0,656151506,331196,76,D,2018.0,1981.0
929,Tukafoolad.Inv.,20080623,1958.0,1922.0,1923.0,1109342139,576794,144,D,1981.0,1923.0
930,Tukafoolad.Inv.,20080624,1930.0,1890.0,1920.0,36689910,19305,7,D,1923.0,1920.0
931,Tukafoolad.Inv.,20080625,1972.0,1910.0,1924.0,628714178,326705,67,D,1920.0,1924.0
932,Tukafoolad.Inv.,20080628,1968.0,1890.0,1911.0,156042164,82173,25,D,1924.0,1911.0
933,Tukafoolad.Inv.,20080629,1900.0,1854.0,1869.0,546089510,292132,75,D,1911.0,1869.0
934,Tukafoolad.Inv.,20080630,1899.0,1851.0,1869.0,99345116,53125,16,D,1869.0,1869.0
935,Tukafoolad.Inv.,20080701,1899.0,1838.0,1870.0,1894797414,1014459,111,D,1869.0,1870.0
936,Tukafoolad.Inv.,20080702,1926.0,1880.0,1924.0,356519262,185263,39,D,1870.0,1924.0
937,Tukafoolad.Inv.,20080705,1981.0,1900.0,1955.0,1475973584,754775,155,D,1924.0,1955.0
938,Tukafoolad.Inv.,20080706,2013.0,1921.0,1988.0,707459970,355752,72,D,1955.0,1988.0
939,Tukafoolad.Inv.,20080707,2047.0,1950.0,2045.0,1820025386,889689,203,D,1988.0,2045.0
940,Tukafoolad.Inv.,20080708,2061.0,1984.0,2001.0,1138105855,568490,113,D,2045.0,2001.0
941,Tukafoolad.Inv.,20080709,1943.0,1941.0,1941.0,401590734,206891,60,D,2001.0,1941.0
942,Tukafoolad.Inv.,20080712,1933.0,1884.0,1888.0,319122661,168972,43,D,1941.0,1888.0
943,Tukafoolad.Inv.,20080713,1944.0,1937.0,1943.0,347924930,178985,44,D,1888.0,1943.0
944,Tukafoolad.Inv.,20080714,1943.0,1891.0,1934.0,62534003,32929,14,D,1943.0,1934.0
945,Tukafoolad.Inv.,20080715,1959.0,1880.0,1925.0,561355390,291611,61,D,1934.0,1925.0
946,Tukafoolad.Inv.,20080719,1939.0,1889.0,1912.0,142269932,74982,21,D,1925.0,1912.0
947,Tukafoolad.Inv.,20080720,1890.0,1855.0,1859.0,606125468,325884,60,D,1912.0,1859.0
948,Tukafoolad.Inv.,20080721,1880.0,1825.0,1855.0,65807497,35717,14,D,1859.0,1855.0
949,Tukafoolad.Inv.,20080722,1880.0,1849.0,1855.0,37164859,20010,10,D,1855.0,1855.0
950,Tukafoolad.Inv.,20080723,1910.0,1812.0,1879.0,241731943,128197,30,D,1855.0,1879.0
951,Tukafoolad.Inv.,20080726,1935.0,1900.0,1916.0,213009990,110219,29,D,1879.0,1916.0
952,Tukafoolad.Inv.,20080727,1900.0,1859.0,1860.0,357594061,192166,48,D,1916.0,1860.0
953,Tukafoolad.Inv.,20080728,1886.0,1850.0,1859.0,220814775,118754,30,D,1860.0,1859.0
954,Tukafoolad.Inv.,20080729,1914.0,1872.0,1872.0,92831386,48770,20,D,1859.0,1872.0
955,Tukafoolad.Inv.,20080802,1860.0,1831.0,1859.0,157138181,85031,23,D,1872.0,1859.0
956,Tukafoolad.Inv.,20080803,1830.0,1804.0,1823.0,246101854,135467,35,D,1859.0,1823.0
957,Tukafoolad.Inv.,20080804,1877.0,1850.0,1856.0,224150631,120010,25,D,1823.0,1856.0
958,Tukafoolad.Inv.,20080805,1818.0,1802.0,1813.0,277479958,153143,37,D,1856.0,1813.0
959,Tukafoolad.Inv.,20080806,1821.0,1800.0,1804.0,415530156,230305,43,D,1813.0,1804.0
960,Tukafoolad.Inv.,20080809,1801.0,1751.0,1779.0,404110431,227049,47,D,1804.0,1779.0
961,Tukafoolad.Inv.,20080810,1832.0,1793.0,1793.0,89480562,49036,18,D,1779.0,1793.0
962,Tukafoolad.Inv.,20080811,1846.0,1840.0,1845.0,530302872,287392,63,D,1793.0,1845.0
963,Tukafoolad.Inv.,20080812,1900.0,1861.0,1899.0,2665351330,1402937,168,D,1845.0,1899.0
964,Tukafoolad.Inv.,20080813,1950.0,1896.0,1906.0,332558223,174394,46,D,1899.0,1906.0
965,Tukafoolad.Inv.,20080816,1906.0,1849.0,1888.0,152941752,81743,18,D,1906.0,1888.0
966,Tukafoolad.Inv.,20080818,1914.0,1855.0,1881.0,199034135,106025,25,D,1888.0,1881.0
967,Tukafoolad.Inv.,20080819,1937.0,1890.0,1933.0,545057170,281954,79,D,1881.0,1933.0
968,Tukafoolad.Inv.,20080901,2297.0,1902.0,2015.0,2210046099,1096505,228,D,1933.0,2015.0
969,Tukafoolad.Inv.,20080902,2075.0,2015.0,2071.0,2721027500,1312648,162,D,2015.0,2071.0
970,Tukafoolad.Inv.,20080903,2133.0,2129.0,2129.0,318348077,149249,35,D,2071.0,2129.0
971,Tukafoolad.Inv.,20080906,2186.0,2103.0,2148.0,1076905696,501214,130,D,2129.0,2148.0
972,Tukafoolad.Inv.,20080907,2142.0,2084.0,2142.0,30324864,14551,5,D,2148.0,2142.0
973,Tukafoolad.Inv.,20080908,2099.0,2078.0,2099.0,221706186,106692,25,D,2142.0,2099.0
974,Tukafoolad.Inv.,20080909,2083.0,2037.0,2083.0,86475184,42452,15,D,2099.0,2083.0
975,Tukafoolad.Inv.,20080913,2081.0,2021.0,2081.0,10125810,5010,3,D,2083.0,2081.0
976,Tukafoolad.Inv.,20080914,2079.0,2019.0,2079.0,10115790,5010,2,D,2081.0,2079.0
977,Tukafoolad.Inv.,20080915,2077.0,2017.0,2077.0,10105770,5010,4,D,2079.0,2077.0
978,Tukafoolad.Inv.,20080916,2075.0,2015.0,2075.0,11607000,5760,4,D,2077.0,2075.0
979,Tukafoolad.Inv.,20080917,2073.0,2013.0,2073.0,10085730,5010,2,D,2075.0,2073.0
980,Tukafoolad.Inv.,20080921,2052.0,2011.0,2052.0,111019676,55206,17,D,2073.0,2052.0
981,Tukafoolad.Inv.,20080923,2031.0,1991.0,2031.0,111034488,55768,14,D,2052.0,2031.0
982,Tukafoolad.Inv.,20080924,1971.0,1971.0,1971.0,327308202,166062,32,D,2031.0,1971.0
983,Tukafoolad.Inv.,20080927,1923.0,1912.0,1923.0,247198766,129288,36,D,1971.0,1923.0
984,Tukafoolad.Inv.,20080928,1975.0,1866.0,1884.0,2747812535,1457887,355,D,1923.0,1884.0
985,Tukafoolad.Inv.,20080929,1940.0,1891.0,1891.0,37016650,19081,7,D,1884.0,1891.0
986,Tukafoolad.Inv.,20080930,1947.0,1897.0,1897.0,30976270,15910,5,D,1891.0,1897.0
987,Tukafoolad.Inv.,20081004,1953.0,1914.0,1914.0,94643943,48461,16,D,1897.0,1914.0
988,Tukafoolad.Inv.,20081005,1971.0,1911.0,1952.0,877546628,449553,117,D,1914.0,1952.0
989,Tukafoolad.Inv.,20081006,1989.0,1932.0,1943.0,310015890,159543,44,D,1952.0,1943.0
990,Tukafoolad.Inv.,20081007,1924.0,1886.0,1924.0,377206454,197912,34,D,1943.0,1924.0
991,Tukafoolad.Inv.,20081008,1899.0,1867.0,1877.0,281899666,150357,59,D,1924.0,1877.0
992,Tukafoolad.Inv.,20081011,1830.0,1821.0,1821.0,319566076,175429,46,D,1877.0,1821.0
993,Tukafoolad.Inv.,20081012,1820.0,1767.0,1768.0,638537352,361044,90,D,1821.0,1768.0
994,Tukafoolad.Inv.,20081013,1821.0,1784.0,1819.0,870057458,478216,89,D,1768.0,1819.0
995,Tukafoolad.Inv.,20081021,1830.0,1765.0,1818.0,20489020,11345,8,D,1819.0,1818.0
996,Tukafoolad.Inv.,20081022,1818.0,1764.0,1794.0,216980826,121447,33,D,1818.0,1794.0
997,Tukafoolad.Inv.,20081026,1780.0,1741.0,1755.0,210997000,121099,30,D,1794.0,1755.0
998,Tukafoolad.Inv.,20081027,1746.0,1707.0,1746.0,84245729,48787,15,D,1755.0,1746.0
999,Tukafoolad.Inv.,20081028,1740.0,1700.0,1731.0,141545344,82455,24,D,1746.0,1731.0
1000,Tukafoolad.Inv.,20081029,1705.0,1689.0,1705.0,190507526,112425,30,D,1731.0,1705.0
1001,Tukafoolad.Inv.,20081101,1756.0,1715.0,1727.0,132825527,75792,25,D,1705.0,1727.0
1002,Tukafoolad.Inv.,20081102,1778.0,1727.0,1767.0,295573690,167180,46,D,1727.0,1767.0
1003,Tukafoolad.Inv.,20081103,1817.0,1767.0,1795.0,483223975,269156,71,D,1767.0,1795.0
1004,Tukafoolad.Inv.,20081109,1417.0,1385.0,1397.0,458906590,328485,67,D,1795.0,1397.0
1005,Tukafoolad.Inv.,20081110,1438.0,1434.0,1437.0,230036790,160010,39,D,1397.0,1437.0
1006,Tukafoolad.Inv.,20081111,1480.0,1476.0,1476.0,212881680,143839,36,D,1437.0,1476.0
1007,Tukafoolad.Inv.,20081112,1520.0,1510.0,1518.0,307221426,202338,41,D,1476.0,1518.0
1008,Tukafoolad.Inv.,20081115,1563.0,1517.0,1550.0,1219225812,786477,178,D,1518.0,1550.0
1009,Tukafoolad.Inv.,20081116,1549.0,1504.0,1507.0,250228337,166033,40,D,1550.0,1507.0
1010,Tukafoolad.Inv.,20081117,1547.0,1462.0,1483.0,607162201,409150,91,D,1507.0,1483.0
1011,Tukafoolad.Inv.,20081118,1460.0,1439.0,1439.0,249482264,173298,35,D,1483.0,1439.0
1012,Tukafoolad.Inv.,20081119,1410.0,1396.0,1401.0,227904825,162607,55,D,1439.0,1401.0
1013,Tukafoolad.Inv.,20081122,1443.0,1430.0,1434.0,186132740,129010,34,D,1401.0,1434.0
1014,Tukafoolad.Inv.,20081123,1456.0,1391.0,1410.0,159169368,113637,34,D,1434.0,1410.0
1015,Tukafoolad.Inv.,20081124,1431.0,1368.0,1392.0,132781674,96188,31,D,1410.0,1392.0
1016,Tukafoolad.Inv.,20081125,1405.0,1351.0,1390.0,88580828,63877,25,D,1392.0,1390.0
1017,Tukafoolad.Inv.,20081126,1410.0,1357.0,1395.0,130334150,93178,15,D,1390.0,1395.0
1018,Tukafoolad.Inv.,20081129,1383.0,1354.0,1383.0,65150334,48014,20,D,1395.0,1383.0
1019,Tukafoolad.Inv.,20081130,1365.0,1342.0,1365.0,95531270,71104,16,D,1383.0,1365.0
1020,Tukafoolad.Inv.,20081201,1325.0,1325.0,1325.0,239036625,180405,48,D,1365.0,1325.0
1021,Tukafoolad.Inv.,20081202,1310.0,1286.0,1310.0,78464100,61010,16,D,1325.0,1310.0
1022,Tukafoolad.Inv.,20081203,1287.0,1271.0,1287.0,125605940,98682,26,D,1310.0,1287.0
1023,Tukafoolad.Inv.,20081208,1249.0,1249.0,1283.0,19896570,15930,2,D,1287.0,1249.0
1024,Tukafoolad.Inv.,20081215,1245.0,1245.0,1274.0,49750200,39960,8,D,1283.0,1245.0
1025,Tukafoolad.Inv.,20081222,1236.0,1236.0,1236.0,29799960,24110,8,D,1274.0,1236.0
1026,Tukafoolad.Inv.,20081223,1244.0,1199.0,1211.0,202135450,166967,47,D,1236.0,1233.0
1027,Tukafoolad.Inv.,20081224,1201.0,1175.0,1178.0,317076572,269140,62,D,1211.0,1175.0
1028,Tukafoolad.Inv.,20081227,1165.0,1150.0,1173.0,51495420,44348,16,D,1178.0,1150.0
1029,Tukafoolad.Inv.,20081228,1159.0,1159.0,1173.0,1544947,1333,1,D,1173.0,1159.0
1030,Tukafoolad.Inv.,20081229,1145.0,1138.0,1161.0,66402985,58233,18,D,1173.0,1138.0
1031,Tukafoolad.Inv.,20081230,1127.0,1127.0,1158.0,15544711,13793,9,D,1161.0,1127.0
1032,Tukafoolad.Inv.,20081231,1130.0,1124.0,1156.0,13487372,11983,10,D,1158.0,1124.0
1033,Tukafoolad.Inv.,20090103,1132.0,1125.0,1148.0,56835500,50300,12,D,1156.0,1130.0
1034,Tukafoolad.Inv.,20090104,1131.0,1130.0,1144.0,37223651,32921,8,D,1148.0,1131.0
1035,Tukafoolad.Inv.,20090105,1178.0,1140.0,1149.0,39076859,33494,11,D,1144.0,1176.0
1036,Tukafoolad.Inv.,20090110,1176.0,1159.0,1151.0,19810000,17000,6,D,1149.0,1159.0
1037,Tukafoolad.Inv.,20090111,1175.0,1175.0,1151.0,726150,618,1,D,1151.0,1175.0
1038,Tukafoolad.Inv.,20090112,1177.0,1170.0,1156.0,46560086,39691,12,D,1151.0,1170.0
1039,Tukafoolad.Inv.,20090113,1170.0,1140.0,1157.0,59031160,50965,13,D,1156.0,1167.0
1040,Tukafoolad.Inv.,20090117,1168.0,1143.0,1156.0,26446625,23000,8,D,1157.0,1143.0
1041,Tukafoolad.Inv.,20090118,1146.0,1122.0,1143.0,98595450,87053,27,D,1156.0,1122.0
1042,Tukafoolad.Inv.,20090119,1177.0,1173.0,1177.0,203247239,172743,26,D,1143.0,1177.0
1043,Tukafoolad.Inv.,20090120,1212.0,1212.0,1192.0,84350352,69596,15,D,1177.0,1212.0
1044,Tukafoolad.Inv.,20090121,1227.0,1226.0,1227.0,565386923,460797,106,D,1192.0,1227.0
1045,Tukafoolad.Inv.,20090124,1263.0,1191.0,1228.0,153195054,124701,25,D,1227.0,1191.0
1046,Tukafoolad.Inv.,20090125,1192.0,1192.0,1227.0,3376936,2833,2,D,1228.0,1192.0
1047,Tukafoolad.Inv.,20090126,1191.0,1191.0,1197.0,159117600,133600,35,D,1227.0,1191.0
1048,Tukafoolad.Inv.,20090127,1162.0,1162.0,1171.0,136070200,117100,24,D,1197.0,1162.0
1049,Tukafoolad.Inv.,20090128,1196.0,1136.0,1169.0,68931974,59123,14,D,1171.0,1170.0
1050,Tukafoolad.Inv.,20090131,1170.0,1137.0,1169.0,4343184,3778,4,D,1169.0,1141.0
1051,Tukafoolad.Inv.,20090201,1153.0,1140.0,1157.0,93138283,81379,18,D,1169.0,1146.0
1052,Tukafoolad.Inv.,20090202,1147.0,1123.0,1134.0,240160690,211808,47,D,1157.0,1123.0
1053,Tukafoolad.Inv.,20090203,1117.0,1117.0,1133.0,6376953,5709,1,D,1134.0,1117.0
1054,Tukafoolad.Inv.,20090204,1131.0,1116.0,1126.0,170299423,151355,34,D,1133.0,1118.0
1055,Tukafoolad.Inv.,20090207,1150.0,1108.0,1125.0,22926150,20449,7,D,1126.0,1130.0
1056,Tukafoolad.Inv.,20090208,1134.0,1133.0,1126.0,11337000,10000,2,D,1125.0,1133.0
1057,Tukafoolad.Inv.,20090209,1146.0,1114.0,1131.0,122908253,108496,26,D,1126.0,1114.0
1058,Tukafoolad.Inv.,20090211,1119.0,1118.0,1130.0,16886900,15100,4,D,1131.0,1119.0
1059,Tukafoolad.Inv.,20090214,1120.0,1097.0,1105.0,192478203,174187,39,D,1130.0,1097.0
1060,Tukafoolad.Inv.,20090215,1138.0,1138.0,1114.0,47509224,41748,5,D,1105.0,1138.0
1061,Tukafoolad.Inv.,20090217,1110.0,1097.0,1110.0,108476209,98000,11,D,1114.0,1098.0
1062,Tukafoolad.Inv.,20090218,1138.0,1138.0,1110.0,2276000,2000,2,D,1110.0,1138.0
1063,Tukafoolad.Inv.,20090221,1137.0,1110.0,1122.0,116638909,103287,25,D,1110.0,1136.0
1064,Tukafoolad.Inv.,20090222,1091.0,1089.0,1118.0,20358506,18679,9,D,1122.0,1089.0
1065,Tukafoolad.Inv.,20090223,1086.0,1085.0,1114.0,23880000,22000,4,D,1118.0,1085.0
1066,Tukafoolad.Inv.,20090225,1081.0,1081.0,1104.0,54050000,50000,6,D,1114.0,1081.0
1067,Tukafoolad.Inv.,20090228,1083.0,1081.0,1100.0,30943600,28600,5,D,1104.0,1081.0
1068,Tukafoolad.Inv.,20090301,1088.0,1080.0,1095.0,50250928,46433,12,D,1100.0,1080.0
1069,Tukafoolad.Inv.,20090302,1063.0,1063.0,1093.0,11623905,10935,3,D,1095.0,1063.0
1070,Tukafoolad.Inv.,20090303,1061.0,1061.0,1093.0,318300,300,1,D,1093.0,1061.0
1071,Tukafoolad.Inv.,20090304,1061.0,1061.0,1093.0,318300,300,1,D,1093.0,1061.0
1072,Tukafoolad.Inv.,20090308,1061.0,1061.0,1083.0,53050000,50000,17,D,1093.0,1061.0
1073,Tukafoolad.Inv.,20090317,1051.0,1051.0,1051.0,53287802,50702,12,D,1083.0,1051.0
1074,Tukafoolad.Inv.,20090318,1020.0,1020.0,1051.0,306000,300,1,D,1051.0,1020.0
1075,Tukafoolad.Inv.,20090328,1051.0,1020.0,1024.0,236912220,231311,50,D,1051.0,1051.0
1076,Tukafoolad.Inv.,20090329,1054.0,1054.0,1037.0,73780000,70000,7,D,1024.0,1054.0
1077,Tukafoolad.Inv.,20090330,1068.0,1038.0,1063.0,310727079,292176,49,D,1037.0,1038.0
1078,Tukafoolad.Inv.,20090331,1094.0,1070.0,1088.0,597353392,548903,115,D,1063.0,1070.0
1079,Tukafoolad.Inv.,20090404,1120.0,1061.0,1086.0,43665000,40500,7,D,1088.0,1080.0
1080,Tukafoolad.Inv.,20090405,1118.0,1070.0,1084.0,444046730,409483,66,D,1086.0,1118.0
1081,Tukafoolad.Inv.,20090406,1116.0,1109.0,1109.0,150426600,135100,27,D,1084.0,1116.0
1082,Tukafoolad.Inv.,20090407,1142.0,1140.0,1135.0,148741204,130318,22,D,1109.0,1141.0
1083,Tukafoolad.Inv.,20090408,1168.0,1150.0,1156.0,120375815,103076,13,D,1135.0,1165.0
1084,Tukafoolad.Inv.,20090411,1187.0,1122.0,1153.0,149753028,129976,27,D,1156.0,1122.0
1085,Tukafoolad.Inv.,20090412,1125.0,1119.0,1132.0,119128588,106282,27,D,1153.0,1119.0
1086,Tukafoolad.Inv.,20090413,1119.0,1099.0,1111.0,122371845,111035,24,D,1132.0,1099.0
1087,Tukafoolad.Inv.,20090414,1078.0,1078.0,1078.0,589235878,546601,115,D,1111.0,1078.0
1088,Tukafoolad.Inv.,20090415,1110.0,1108.0,1110.0,331755736,298882,68,D,1078.0,1110.0
1089,Tukafoolad.Inv.,20090418,1140.0,1130.0,1112.0,15882120,14024,4,D,1110.0,1135.0
1090,Tukafoolad.Inv.,20090419,1145.0,1139.0,1142.0,174238055,152377,41,D,1112.0,1145.0
1091,Tukafoolad.Inv.,20090420,1176.0,1176.0,1163.0,118776000,101000,21,D,1142.0,1176.0
1092,Tukafoolad.Inv.,20090421,1197.0,1150.0,1194.0,1283296118,1074853,211,D,1163.0,1169.0
1093,Tukafoolad.Inv.,20090422,1229.0,1227.0,1229.0,703308204,572276,128,D,1194.0,1229.0
1094,Tukafoolad.Inv.,20090425,1265.0,1233.0,1263.0,1603843925,1269835,262,D,1229.0,1240.0
1095,Tukafoolad.Inv.,20090426,1265.0,1226.0,1228.0,892773129,727104,108,D,1263.0,1226.0
1096,Tukafoolad.Inv.,20090427,1264.0,1195.0,1240.0,593166786,478301,100,D,1228.0,1264.0
1097,Tukafoolad.Inv.,20090428,1277.0,1260.0,1276.0,410884737,321981,71,D,1240.0,1277.0
1098,Tukafoolad.Inv.,20090429,1314.0,1299.0,1309.0,966946472,738475,129,D,1276.0,1306.0
1099,Tukafoolad.Inv.,20090502,1312.0,1270.0,1287.0,313946191,243925,63,D,1309.0,1276.0
1100,Tukafoolad.Inv.,20090503,1279.0,1261.0,1276.0,189505910,148640,35,D,1287.0,1261.0
1101,Tukafoolad.Inv.,20090504,1280.0,1238.0,1264.0,155692738,123568,44,D,1276.0,1280.0
1102,Tukafoolad.Inv.,20090505,1301.0,1300.0,1288.0,137799555,105975,25,D,1264.0,1301.0
1103,Tukafoolad.Inv.,20090506,1326.0,1301.0,1325.0,504889000,381000,66,D,1288.0,1326.0
1104,Tukafoolad.Inv.,20090509,1364.0,1320.0,1357.0,181172904,132832,39,D,1325.0,1364.0
1105,Tukafoolad.Inv.,20090510,1390.0,1321.0,1372.0,558412856,406907,84,D,1357.0,1380.0
1106,Tukafoolad.Inv.,20090511,1350.0,1331.0,1336.0,210428113,157530,30,D,1372.0,1331.0
1107,Tukafoolad.Inv.,20090512,1374.0,1297.0,1338.0,283504683,211948,51,D,1336.0,1337.0
1108,Tukafoolad.Inv.,20090513,1378.0,1341.0,1365.0,825889437,604914,113,D,1338.0,1378.0
1109,Tukafoolad.Inv.,20090516,1398.0,1356.0,1364.0,105041940,77070,19,D,1365.0,1396.0
1110,Tukafoolad.Inv.,20090517,1375.0,1350.0,1362.0,247423563,181663,36,D,1364.0,1350.0
1111,Tukafoolad.Inv.,20090518,1322.0,1322.0,1322.0,571415992,432236,98,D,1362.0,1322.0
1112,Tukafoolad.Inv.,20090519,1361.0,1300.0,1356.0,483341500,356500,59,D,1322.0,1355.0
1113,Tukafoolad.Inv.,20090520,1374.0,1316.0,1353.0,45139676,33679,11,D,1356.0,1350.0
1114,Tukafoolad.Inv.,20090523,1370.0,1354.0,1356.0,49226556,35989,11,D,1353.0,1354.0
1115,Tukafoolad.Inv.,20090524,1356.0,1322.0,1356.0,73885040,54490,9,D,1356.0,1356.0
1116,Tukafoolad.Inv.,20090525,1396.0,1359.0,1385.0,249381529,180000,40,D,1356.0,1396.0
1117,Tukafoolad.Inv.,20090526,1389.0,1344.0,1380.0,37842880,27949,10,D,1385.0,1345.0
1118,Tukafoolad.Inv.,20090527,1369.0,1342.0,1377.0,22308111,16481,5,D,1380.0,1351.0
1119,Tukafoolad.Inv.,20090530,1350.0,1337.0,1369.0,50685022,37766,13,D,1377.0,1337.0
1120,Tukafoolad.Inv.,20090531,1369.0,1335.0,1366.0,160719240,117760,25,D,1369.0,1369.0
1121,Tukafoolad.Inv.,20090601,1406.0,1384.0,1404.0,1181404730,841300,166,D,1366.0,1399.0
1122,Tukafoolad.Inv.,20090602,1446.0,1400.0,1434.0,231092886,161141,31,D,1404.0,1446.0
1123,Tukafoolad.Inv.,20090603,1477.0,1476.0,1477.0,944920997,639761,124,D,1434.0,1477.0
1124,Tukafoolad.Inv.,20090606,1519.0,1433.0,1483.0,371270217,250375,56,D,1477.0,1460.0
1125,Tukafoolad.Inv.,20090607,1470.0,1439.0,1440.0,609441599,423202,90,D,1483.0,1439.0
1126,Tukafoolad.Inv.,20090608,1449.0,1398.0,1419.0,384112540,270667,51,D,1440.0,1403.0
1127,Tukafoolad.Inv.,20090609,1460.0,1419.0,1424.0,72471306,50500,12,D,1419.0,1447.0
1128,Tukafoolad.Inv.,20090610,1466.0,1419.0,1460.0,853949983,584726,106,D,1424.0,1466.0
1129,Tukafoolad.Inv.,20090613,1460.0,1417.0,1434.0,176916712,124053,31,D,1460.0,1417.0
1130,Tukafoolad.Inv.,20090614,1392.0,1391.0,1391.0,251035988,180468,40,D,1434.0,1391.0
1131,Tukafoolad.Inv.,20090615,1350.0,1350.0,1380.0,57700350,42741,8,D,1391.0,1350.0
1132,Tukafoolad.Inv.,20090616,1339.0,1339.0,1376.0,23337431,17429,3,D,1380.0,1339.0
1133,Tukafoolad.Inv.,20090617,1384.0,1335.0,1339.0,950667437,709771,147,D,1376.0,1335.0
1134,Tukafoolad.Inv.,20090620,1379.0,1379.0,1379.0,414943858,300902,65,D,1339.0,1379.0
1135,Tukafoolad.Inv.,20090621,1420.0,1384.0,1418.0,548571222,386890,88,D,1379.0,1384.0
1136,Tukafoolad.Inv.,20090622,1455.0,1430.0,1420.0,29349330,20435,6,D,1418.0,1443.0
1137,Tukafoolad.Inv.,20090623,1438.0,1401.0,1418.0,43402571,30821,7,D,1420.0,1406.0
1138,Tukafoolad.Inv.,20090624,1460.0,1423.0,1453.0,749040007,515683,114,D,1418.0,1425.0
1139,Tukafoolad.Inv.,20090627,1460.0,1460.0,1453.0,24820,17,1,D,1453.0,1460.0
1140,Tukafoolad.Inv.,20090628,1460.0,1410.0,1435.0,175424102,122692,32,D,1453.0,1410.0
1141,Tukafoolad.Inv.,20090629,1450.0,1392.0,1398.0,220977064,158100,42,D,1435.0,1392.0
1142,Tukafoolad.Inv.,20090630,1404.0,1376.0,1392.0,81505080,59020,11,D,1398.0,1376.0
1143,Tukafoolad.Inv.,20090701,1392.0,1375.0,1388.0,160495152,115740,27,D,1392.0,1385.0
1144,Tukafoolad.Inv.,20090704,1382.0,1363.0,1368.0,218543326,159781,39,D,1388.0,1365.0
1145,Tukafoolad.Inv.,20090705,1400.0,1364.0,1372.0,43324300,31201,12,D,1368.0,1400.0
1146,Tukafoolad.Inv.,20090707,1413.0,1399.0,1390.0,116587252,82830,29,D,1372.0,1413.0
1147,Tukafoolad.Inv.,20090711,1431.0,1362.0,1403.0,115678820,81698,15,D,1390.0,1431.0
1148,Tukafoolad.Inv.,20090712,1374.0,1362.0,1370.0,263472962,192324,34,D,1403.0,1362.0
1149,Tukafoolad.Inv.,20090713,1356.0,1356.0,1369.0,14414280,10630,4,D,1370.0,1356.0
1150,Tukafoolad.Inv.,20090715,1410.0,1405.0,1377.0,46200779,32771,13,D,1369.0,1410.0
1151,Tukafoolad.Inv.,20090718,1418.0,1418.0,1406.0,159855394,112733,26,D,1377.0,1418.0
1152,Tukafoolad.Inv.,20090719,1448.0,1445.0,1448.0,610857985,421903,85,D,1406.0,1447.0
1153,Tukafoolad.Inv.,20090721,1480.0,1436.0,1458.0,137709940,94034,29,D,1448.0,1440.0
1154,Tukafoolad.Inv.,20090722,1439.0,1415.0,1418.0,714676923,503875,116,D,1458.0,1415.0
1155,Tukafoolad.Inv.,20090725,1440.0,1440.0,1422.0,44640000,31000,6,D,1418.0,1440.0
1156,Tukafoolad.Inv.,20090726,1445.0,1400.0,1419.0,333654000,235195,58,D,1422.0,1428.0
1157,Tukafoolad.Inv.,20090727,1449.0,1402.0,1421.0,246797188,173665,39,D,1419.0,1430.0
1158,Tukafoolad.Inv.,20090728,1442.0,1402.0,1428.0,204940836,143403,38,D,1421.0,1402.0
1159,Tukafoolad.Inv.,20090729,1455.0,1425.0,1432.0,43497880,30036,9,D,1428.0,1425.0
1160,Tukafoolad.Inv.,20090801,1432.0,1429.0,1432.0,62126149,43421,8,D,1432.0,1430.0
1161,Tukafoolad.Inv.,20090802,1425.0,1390.0,1403.0,231964219,165364,39,D,1432.0,1423.0
1162,Tukafoolad.Inv.,20090803,1400.0,1380.0,1399.0,114799040,82228,24,D,1403.0,1390.0
1163,Tukafoolad.Inv.,20090804,1425.0,1395.0,1399.0,123628875,88315,18,D,1399.0,1425.0
1164,Tukafoolad.Inv.,20090805,1440.0,1420.0,1417.0,120653791,84128,24,D,1399.0,1440.0
1165,Tukafoolad.Inv.,20090808,1441.0,1423.0,1437.0,218673350,152095,30,D,1417.0,1423.0
1166,Tukafoolad.Inv.,20090809,1480.0,1430.0,1451.0,285324272,196637,45,D,1437.0,1460.0
1167,Tukafoolad.Inv.,20090810,1494.0,1493.0,1494.0,856087856,573024,151,D,1451.0,1494.0
1168,Tukafoolad.Inv.,20090811,1538.0,1534.0,1537.0,473585800,308100,69,D,1494.0,1538.0
1169,Tukafoolad.Inv.,20090812,1583.0,1583.0,1560.0,126898029,80163,17,D,1537.0,1583.0
1170,Tukafoolad.Inv.,20090815,1606.0,1606.0,1605.0,251390392,156532,32,D,1560.0,1606.0
1171,Tukafoolad.Inv.,20090816,1653.0,1621.0,1649.0,1865794629,1131775,304,D,1605.0,1653.0
1172,Tukafoolad.Inv.,20090817,1698.0,1650.0,1697.0,786933365,463850,112,D,1649.0,1698.0
1173,Tukafoolad.Inv.,20090818,1650.0,1647.0,1674.0,123743140,75083,18,D,1697.0,1647.0
1174,Tukafoolad.Inv.,20090819,1624.0,1624.0,1669.0,24457440,15060,5,D,1674.0,1624.0
1175,Tukafoolad.Inv.,20090822,1696.0,1619.0,1632.0,771908061,472931,125,D,1669.0,1651.0
1176,Tukafoolad.Inv.,20090823,1680.0,1669.0,1678.0,305498766,182097,44,D,1632.0,1680.0
1177,Tukafoolad.Inv.,20090824,1728.0,1675.0,1718.0,671420380,390750,79,D,1678.0,1728.0
1178,Tukafoolad.Inv.,20090825,1769.0,1735.0,1766.0,862492603,488294,198,D,1718.0,1769.0
1179,Tukafoolad.Inv.,20090826,1818.0,1735.0,1773.0,711439714,401371,104,D,1766.0,1746.0
1180,Tukafoolad.Inv.,20090829,1720.0,1720.0,1720.0,657709080,382389,79,D,1773.0,1720.0
1181,Tukafoolad.Inv.,20090830,1669.0,1669.0,1682.0,197057161,118069,31,D,1720.0,1669.0
1182,Tukafoolad.Inv.,20090831,1669.0,1632.0,1633.0,814865519,498958,135,D,1682.0,1633.0
1183,Tukafoolad.Inv.,20090901,1681.0,1634.0,1655.0,130225083,77543,25,D,1633.0,1681.0
1184,Tukafoolad.Inv.,20090902,1703.0,1671.0,1668.0,95798836,56629,15,D,1655.0,1703.0
1185,Tukafoolad.Inv.,20090905,1700.0,1619.0,1665.0,76244284,46037,12,D,1668.0,1619.0
1186,Tukafoolad.Inv.,20090906,1619.0,1616.0,1645.0,104424418,64608,26,D,1665.0,1616.0
1187,Tukafoolad.Inv.,20090907,1694.0,1596.0,1655.0,195694387,117978,29,D,1645.0,1694.0
1188,Tukafoolad.Inv.,20090908,1704.0,1704.0,1704.0,437950152,257013,54,D,1655.0,1704.0
1189,Tukafoolad.Inv.,20090909,1755.0,1753.0,1755.0,540470715,307993,71,D,1704.0,1755.0
1190,Tukafoolad.Inv.,20090913,1794.0,1708.0,1758.0,258382380,146910,42,D,1755.0,1746.0
1191,Tukafoolad.Inv.,20090914,1752.0,1706.0,1719.0,308356768,179414,45,D,1758.0,1706.0
1192,Tukafoolad.Inv.,20090915,1693.0,1673.0,1686.0,218150640,129973,36,D,1719.0,1673.0
1193,Tukafoolad.Inv.,20090916,1735.0,1651.0,1669.0,225445846,135307,28,D,1686.0,1690.0
1194,Tukafoolad.Inv.,20090919,1699.0,1630.0,1655.0,171637808,104212,28,D,1669.0,1631.0
1195,Tukafoolad.Inv.,20090921,1657.0,1633.0,1653.0,70197950,42650,10,D,1655.0,1657.0
1196,Tukafoolad.Inv.,20090922,1702.0,1653.0,1691.0,401231180,237270,54,D,1653.0,1702.0
1197,Tukafoolad.Inv.,20090923,1741.0,1710.0,1740.0,500251148,287575,86,D,1691.0,1741.0
1198,Tukafoolad.Inv.,20090926,1740.0,1688.0,1715.0,277968729,162089,46,D,1740.0,1702.0
1199,Tukafoolad.Inv.,20090927,1718.0,1665.0,1699.0,116917485,69634,23,D,1715.0,1665.0
1200,Tukafoolad.Inv.,20090928,1731.0,1651.0,1705.0,110246047,64288,16,D,1699.0,1720.0
1201,Tukafoolad.Inv.,20090929,1730.0,1700.0,1717.0,167632290,97206,25,D,1705.0,1706.0
1202,Tukafoolad.Inv.,20090930,1728.0,1700.0,1711.0,481689613,281498,62,D,1717.0,1700.0
1203,Tukafoolad.Inv.,20091003,1762.0,1729.0,1759.0,852653387,484682,113,D,1711.0,1762.0
1204,Tukafoolad.Inv.,20091004,1811.0,1773.0,1809.0,574373038,317578,87,D,1759.0,1811.0
1205,Tukafoolad.Inv.,20091005,1850.0,1813.0,1839.0,373725579,203277,48,D,1809.0,1850.0
1206,Tukafoolad.Inv.,20091006,1840.0,1784.0,1794.0,364196749,203041,43,D,1839.0,1785.0
1207,Tukafoolad.Inv.,20091007,1785.0,1741.0,1746.0,814126625,466163,109,D,1794.0,1745.0
1208,Tukafoolad.Inv.,20091010,1769.0,1694.0,1724.0,635559780,368724,83,D,1746.0,1721.0
1209,Tukafoolad.Inv.,20091011,1767.0,1680.0,1731.0,1024397086,591828,131,D,1724.0,1745.0
1210,Tukafoolad.Inv.,20091018,1731.0,1690.0,1723.0,212127329,123273,23,D,1731.0,1700.0
1211,Tukafoolad.Inv.,20091019,1709.0,1695.0,1701.0,407305885,239463,59,D,1723.0,1699.0
1212,Tukafoolad.Inv.,20091020,1750.0,1701.0,1725.0,311846616,180771,46,D,1701.0,1720.0
1213,Tukafoolad.Inv.,20091021,1730.0,1700.0,1721.0,165118915,96076,30,D,1725.0,1703.0
1214,Tukafoolad.Inv.,20091024,1718.0,1670.0,1681.0,287699199,171159,38,D,1721.0,1680.0
1215,Tukafoolad.Inv.,20091025,1701.0,1670.0,1687.0,541913198,321256,81,D,1681.0,1695.0
1216,Tukafoolad.Inv.,20091026,1729.0,1670.0,1698.0,694233716,408753,99,D,1687.0,1699.0
1217,Tukafoolad.Inv.,20091102,1275.0,1275.0,1261.0,127500000,100000,19,D,1238.0,1275.0
1218,Tukafoolad.Inv.,20091103,1298.0,1298.0,1262.0,5192000,4000,2,D,1261.0,1298.0
1219,Tukafoolad.Inv.,20091104,1299.0,1299.0,1263.0,6495000,5000,1,D,1262.0,1299.0
1220,Tukafoolad.Inv.,20091108,1307.0,1307.0,1266.0,12704040,9720,1,D,1263.0,1307.0
1221,Tukafoolad.Inv.,20091117,1310.0,1310.0,1310.0,131000,100,1,D,1266.0,1310.0
1222,Tukafoolad.Inv.,20091118,1355.0,1355.0,1355.0,14819635,10937,3,D,1310.0,1355.0
1223,Tukafoolad.Inv.,20091121,1402.0,1402.0,1402.0,36554346,26073,3,D,1355.0,1402.0
1224,Tukafoolad.Inv.,20091122,1451.0,1402.0,1448.0,3569125218,2464104,214,D,1402.0,1451.0
1225,Tukafoolad.Inv.,20091123,1498.0,1498.0,1498.0,304769598,203451,19,D,1448.0,1498.0
1226,Tukafoolad.Inv.,20091124,1550.0,1550.0,1550.0,250858200,161844,11,D,1498.0,1550.0
1227,Tukafoolad.Inv.,20091125,1604.0,1604.0,1604.0,257336136,160434,16,D,1550.0,1604.0
1228,Tukafoolad.Inv.,20091129,1600.0,1548.0,1582.0,4023408710,2543038,159,D,1604.0,1548.0
1229,Tukafoolad.Inv.,20091130,1535.0,1527.0,1527.0,1050613982,687864,89,D,1582.0,1527.0
1230,Tukafoolad.Inv.,20091201,1527.0,1474.0,1487.0,480609765,323150,53,D,1527.0,1500.0
1231,Tukafoolad.Inv.,20091202,1539.0,1539.0,1525.0,180971010,117590,15,D,1487.0,1539.0
1232,Tukafoolad.Inv.,20091205,1578.0,1559.0,1577.0,988822393,627133,75,D,1525.0,1578.0
1233,Tukafoolad.Inv.,20091207,1610.0,1533.0,1581.0,380380321,240635,41,D,1577.0,1542.0
1234,Tukafoolad.Inv.,20091208,1536.0,1526.0,1536.0,201436024,131924,12,D,1581.0,1526.0
1235,Tukafoolad.Inv.,20091209,1500.0,1483.0,1507.0,150206563,100862,30,D,1536.0,1485.0
1236,Tukafoolad.Inv.,20091212,1485.0,1455.0,1484.0,147163030,100105,12,D,1507.0,1455.0
1237,Tukafoolad.Inv.,20091213,1433.0,1433.0,1461.0,103176000,72000,5,D,1484.0,1433.0
1238,Tukafoolad.Inv.,20091214,1410.0,1410.0,1433.0,125725470,89167,11,D,1461.0,1410.0
1239,Tukafoolad.Inv.,20091215,1383.0,1383.0,1407.0,115929975,83825,9,D,1433.0,1383.0
1240,Tukafoolad.Inv.,20091216,1358.0,1358.0,1397.0,43472296,32012,5,D,1407.0,1358.0
1241,Tukafoolad.Inv.,20091219,1349.0,1349.0,1384.0,57938201,42949,5,D,1397.0,1349.0
1242,Tukafoolad.Inv.,20091220,1432.0,1350.0,1381.0,544293474,394084,48,D,1384.0,1432.0
1243,Tukafoolad.Inv.,20091221,1429.0,1429.0,1387.0,27865500,19500,3,D,1381.0,1429.0
1244,Tukafoolad.Inv.,20091222,1435.0,1355.0,1430.0,252946220,176827,29,D,1387.0,1370.0
1245,Tukafoolad.Inv.,20091223,1467.0,1380.0,1400.0,149875550,108145,14,D,1430.0,1463.0
1246,Tukafoolad.Inv.,20091228,1380.0,1351.0,1362.0,200996757,147863,22,D,1400.0,1352.0
1247,Tukafoolad.Inv.,20091229,1379.0,1373.0,1363.0,24165441,17579,4,D,1362.0,1373.0
1248,Tukafoolad.Inv.,20091230,1400.0,1361.0,1375.0,149246547,108050,18,D,1363.0,1395.0
1249,Tukafoolad.Inv.,20100102,1423.0,1390.0,1396.0,112666399,79486,19,D,1375.0,1423.0
1250,Tukafoolad.Inv.,20100103,1444.0,1443.0,1444.0,382772956,265099,39,D,1396.0,1444.0
1251,Tukafoolad.Inv.,20100104,1485.0,1410.0,1458.0,170295794,116437,12,D,1444.0,1451.0
1252,Tukafoolad.Inv.,20100105,1479.0,1421.0,1460.0,132330114,90540,13,D,1458.0,1468.0
1253,Tukafoolad.Inv.,20100106,1500.0,1463.0,1488.0,228476188,153469,23,D,1460.0,1463.0
1254,Tukafoolad.Inv.,20100109,1540.0,1500.0,1532.0,292971100,191233,30,D,1488.0,1540.0
1255,Tukafoolad.Inv.,20100110,1585.0,1513.0,1581.0,838650797,530423,50,D,1532.0,1513.0
1256,Tukafoolad.Inv.,20100111,1600.0,1526.0,1573.0,385562723,245190,28,D,1581.0,1552.0
1257,Tukafoolad.Inv.,20100112,1519.0,1518.0,1531.0,186181980,122610,14,D,1573.0,1518.0
1258,Tukafoolad.Inv.,20100113,1482.0,1478.0,1478.0,385883000,261000,24,D,1531.0,1478.0
1259,Tukafoolad.Inv.,20100116,1482.0,1431.0,1467.0,66219039,46011,7,D,1478.0,1480.0
1260,Tukafoolad.Inv.,20100117,1510.0,1500.0,1474.0,44870210,29865,6,D,1467.0,1510.0
1261,Tukafoolad.Inv.,20100118,1492.0,1469.0,1477.0,38027721,25509,5,D,1474.0,1469.0
1262,Tukafoolad.Inv.,20100119,1510.0,1472.0,1478.0,8959801,6000,3,D,1477.0,1472.0
1263,Tukafoolad.Inv.,20100120,1529.0,1501.0,1503.0,139903757,91900,31,D,1478.0,1508.0
1264,Tukafoolad.Inv.,20100123,1555.0,1548.0,1530.0,132932890,85610,10,D,1503.0,1555.0
1265,Tukafoolad.Inv.,20100124,1583.0,1542.0,1561.0,394393569,252620,36,D,1530.0,1543.0
1266,Tukafoolad.Inv.,20100125,1599.0,1549.0,1561.0,60775961,38973,8,D,1561.0,1557.0
1267,Tukafoolad.Inv.,20100126,1558.0,1532.0,1546.0,221968732,143724,22,D,1561.0,1541.0
1268,Tukafoolad.Inv.,20100127,1537.0,1501.0,1522.0,194414540,128246,13,D,1546.0,1520.0
1269,Tukafoolad.Inv.,20100130,1522.0,1501.0,1518.0,45998887,30640,5,D,1522.0,1501.0
1270,Tukafoolad.Inv.,20100131,1500.0,1470.0,1497.0,151726780,102184,16,D,1518.0,1470.0
1271,Tukafoolad.Inv.,20100201,1540.0,1446.0,1502.0,398472205,265300,23,D,1497.0,1540.0
1272,Tukafoolad.Inv.,20100202,1554.0,1502.0,1515.0,68158615,44015,9,D,1502.0,1511.0
1273,Tukafoolad.Inv.,20100203,1560.0,1516.0,1515.0,15311912,10062,9,D,1515.0,1523.0
1274,Tukafoolad.Inv.,20100206,1516.0,1516.0,1515.0,1353788,893,1,D,1515.0,1516.0
1275,Tukafoolad.Inv.,20100207,1512.0,1486.0,1502.0,300070850,199820,13,D,1515.0,1486.0
1276,Tukafoolad.Inv.,20100208,1544.0,1500.0,1502.0,39157956,26046,5,D,1502.0,1502.0
1277,Tukafoolad.Inv.,20100209,1530.0,1499.0,1502.0,27840823,18495,5,D,1502.0,1528.0
1278,Tukafoolad.Inv.,20100210,1528.0,1500.0,1503.0,94191450,62650,5,D,1502.0,1501.0
1279,Tukafoolad.Inv.,20100214,1555.0,1555.0,1505.0,9102970,5854,2,D,1503.0,1555.0
1280,Tukafoolad.Inv.,20100216,1557.0,1557.0,1505.0,459315,295,1,D,1505.0,1557.0
1281,Tukafoolad.Inv.,20100217,1557.0,1557.0,1540.0,166089861,106673,10,D,1505.0,1557.0
1282,Tukafoolad.Inv.,20100220,1593.0,1593.0,1593.0,500452101,314157,18,D,1540.0,1593.0
1283,Tukafoolad.Inv.,20100221,1648.0,1648.0,1642.0,236146864,143293,15,D,1593.0,1648.0
1284,Tukafoolad.Inv.,20100222,1699.0,1585.0,1699.0,3256184209,1916577,198,D,1642.0,1699.0
1285,Tukafoolad.Inv.,20100223,1699.0,1652.0,1677.0,500702177,298638,43,D,1699.0,1680.0
1286,Tukafoolad.Inv.,20100224,1735.0,1680.0,1717.0,1285388680,748796,90,D,1677.0,1735.0
1287,Tukafoolad.Inv.,20100227,1777.0,1739.0,1775.0,2433567038,1371227,115,D,1717.0,1777.0
1288,Tukafoolad.Inv.,20100228,1819.0,1714.0,1768.0,243520070,137831,22,D,1775.0,1714.0
1289,Tukafoolad.Inv.,20100301,1720.0,1708.0,1736.0,158053340,92272,14,D,1768.0,1708.0
1290,Tukafoolad.Inv.,20100302,1796.0,1679.0,1769.0,855026794,483378,56,D,1736.0,1796.0
1291,Tukafoolad.Inv.,20100303,1830.0,1830.0,1830.0,420689550,229885,21,D,1769.0,1830.0
1292,Tukafoolad.Inv.,20100306,1894.0,1878.0,1890.0,1592350011,842301,101,D,1830.0,1893.0
1293,Tukafoolad.Inv.,20100307,1885.0,1824.0,1827.0,816768885,446969,40,D,1890.0,1828.0
1294,Tukafoolad.Inv.,20100308,1890.0,1830.0,1853.0,486574093,262540,34,D,1827.0,1860.0
1295,Tukafoolad.Inv.,20100309,1917.0,1879.0,1909.0,1230121608,644385,54,D,1853.0,1917.0
1296,Tukafoolad.Inv.,20100310,1975.0,1919.0,1968.0,638185285,324348,37,D,1909.0,1920.0
1297,Tukafoolad.Inv.,20100313,1955.0,1900.0,1918.0,921133579,480210,56,D,1968.0,1920.0
1298,Tukafoolad.Inv.,20100314,1940.0,1865.0,1912.0,222221430,116370,13,D,1918.0,1900.0
1299,Tukafoolad.Inv.,20100315,1890.0,1846.0,1854.0,1196253033,645200,54,D,1912.0,1860.0
1300,Tukafoolad.Inv.,20100316,1804.0,1790.0,1791.0,542543240,302920,27,D,1854.0,1790.0
1301,Tukafoolad.Inv.,20100317,1801.0,1790.0,1794.0,112216570,62384,13,D,1791.0,1801.0
1302,Tukafoolad.Inv.,20100327,1856.0,1856.0,1816.0,105754880,56980,7,D,1794.0,1856.0
1303,Tukafoolad.Inv.,20100328,1879.0,1879.0,1832.0,75160000,40000,5,D,1816.0,1879.0
1304,Tukafoolad.Inv.,20100329,1896.0,1896.0,1843.0,49889448,26313,5,D,1832.0,1896.0
1305,Tukafoolad.Inv.,20100330,1907.0,1907.0,1843.0,95350,50,1,D,1843.0,1907.0
1306,Tukafoolad.Inv.,20100331,1907.0,1907.0,1907.0,305352654,160122,9,D,1843.0,1907.0
1307,Tukafoolad.Inv.,20100403,1973.0,1973.0,1973.0,316573769,160453,10,D,1907.0,1973.0
1308,Tukafoolad.Inv.,20100404,2042.0,1915.0,2040.0,4191213560,2054549,119,D,1973.0,2008.0
1309,Tukafoolad.Inv.,20100405,2079.0,1970.0,2014.0,644948651,320282,59,D,2040.0,2040.0
1310,Tukafoolad.Inv.,20100406,2084.0,1990.0,2080.0,2496324110,1200271,148,D,2014.0,2084.0
1311,Tukafoolad.Inv.,20100407,2152.0,2129.0,2145.0,4072397179,1898409,262,D,2080.0,2130.0
1312,Tukafoolad.Inv.,20100410,2169.0,2070.0,2108.0,441582947,209455,41,D,2145.0,2070.0
1313,Tukafoolad.Inv.,20100411,2075.0,2035.0,2038.0,949465895,465852,57,D,2108.0,2035.0
1314,Tukafoolad.Inv.,20100412,2000.0,1967.0,1969.0,1414884519,718762,79,D,2038.0,1967.0
1315,Tukafoolad.Inv.,20100413,2037.0,1980.0,2024.0,463244804,228869,46,D,1969.0,2037.0
1316,Tukafoolad.Inv.,20100414,2090.0,1954.0,1979.0,840039633,424511,63,D,2024.0,1961.0
1317,Tukafoolad.Inv.,20100417,1940.0,1910.0,1912.0,519192693,271526,51,D,1979.0,1910.0
1318,Tukafoolad.Inv.,20100418,1978.0,1939.0,1973.0,651528498,330290,43,D,1912.0,1978.0
1319,Tukafoolad.Inv.,20100419,2042.0,2041.0,2042.0,765178061,374753,46,D,1973.0,2042.0
1320,Tukafoolad.Inv.,20100420,2100.0,1971.0,1981.0,693306470,349951,41,D,2042.0,1971.0
1321,Tukafoolad.Inv.,20100421,1999.0,1922.0,1957.0,760368528,388581,47,D,1981.0,1941.0
1322,Tukafoolad.Inv.,20100424,1930.0,1889.0,1898.0,302228028,159285,33,D,1957.0,1889.0
1323,Tukafoolad.Inv.,20100425,1890.0,1832.0,1844.0,646139193,350469,69,D,1898.0,1832.0
1324,Tukafoolad.Inv.,20100426,1908.0,1842.0,1851.0,107204118,57513,13,D,1844.0,1850.0
1325,Tukafoolad.Inv.,20100427,1870.0,1823.0,1851.0,169178511,91415,28,D,1851.0,1823.0
1326,Tukafoolad.Inv.,20100428,1850.0,1825.0,1847.0,60988507,33273,7,D,1851.0,1830.0
1327,Tukafoolad.Inv.,20100501,1911.0,1900.0,1884.0,191738858,100608,14,D,1847.0,1911.0
1328,Tukafoolad.Inv.,20100502,1948.0,1853.0,1890.0,109104892,57385,12,D,1884.0,1918.0
1329,Tukafoolad.Inv.,20100503,1908.0,1853.0,1885.0,60937274,32668,9,D,1890.0,1853.0
1330,Tukafoolad.Inv.,20100504,1885.0,1825.0,1875.0,526155369,280660,44,D,1885.0,1825.0
1331,Tukafoolad.Inv.,20100505,1900.0,1812.0,1855.0,348323731,187809,27,D,1875.0,1900.0
1332,Tukafoolad.Inv.,20100508,1889.0,1810.0,1837.0,661365311,360025,45,D,1855.0,1855.0
1333,Tukafoolad.Inv.,20100509,1901.0,1885.0,1897.0,523045978,275659,46,D,1837.0,1901.0
1334,Tukafoolad.Inv.,20100510,1959.0,1900.0,1924.0,208818926,107829,25,D,1897.0,1900.0
1335,Tukafoolad.Inv.,20100511,1940.0,1900.0,1914.0,166930378,87585,22,D,1924.0,1900.0
1336,Tukafoolad.Inv.,20100512,1870.0,1860.0,1896.0,102635920,55152,11,D,1914.0,1860.0
1337,Tukafoolad.Inv.,20100515,1889.0,1830.0,1847.0,292283886,158299,30,D,1896.0,1842.0
1338,Tukafoolad.Inv.,20100516,1870.0,1840.0,1846.0,69895665,37971,5,D,1847.0,1840.0
1339,Tukafoolad.Inv.,20100518,1865.0,1801.0,1837.0,631698420,343816,35,D,1846.0,1840.0
1340,Tukafoolad.Inv.,20100519,1805.0,1789.0,1807.0,226873452,126155,27,D,1837.0,1789.0
1341,Tukafoolad.Inv.,20100522,1810.0,1770.0,1806.0,23490842,13099,13,D,1807.0,1770.0
1342,Tukafoolad.Inv.,20100523,1800.0,1772.0,1787.0,638285570,357186,31,D,1806.0,1789.0
1343,Tukafoolad.Inv.,20100524,1839.0,1776.0,1797.0,166125478,92091,13,D,1787.0,1800.0
1344,Tukafoolad.Inv.,20100525,1859.0,1791.0,1831.0,667936692,364733,29,D,1797.0,1859.0
1345,Tukafoolad.Inv.,20100526,1894.0,1850.0,1881.0,525734239,279461,36,D,1831.0,1894.0
1346,Tukafoolad.Inv.,20100529,1831.0,1816.0,1875.0,29216000,16000,5,D,1881.0,1816.0
1347,Tukafoolad.Inv.,20100530,1810.0,1810.0,1810.0,369714220,204262,17,D,1875.0,1810.0
1348,Tukafoolad.Inv.,20100531,1839.0,1771.0,1792.0,267881590,149615,11,D,1810.0,1839.0
1349,Tukafoolad.Inv.,20100601,1854.0,1772.0,1836.0,223050095,120565,10,D,1792.0,1854.0
1350,Tukafoolad.Inv.,20100602,1869.0,1779.0,1834.0,356540523,194389,23,D,1836.0,1800.0
1351,Tukafoolad.Inv.,20100606,1898.0,1792.0,1874.0,607455490,324113,27,D,1834.0,1898.0
1352,Tukafoolad.Inv.,20100607,1939.0,1881.0,1928.0,2442934287,1266947,82,D,1874.0,1930.0
1353,Tukafoolad.Inv.,20100608,1938.0,1910.0,1927.0,678215744,351991,30,D,1928.0,1930.0
1354,Tukafoolad.Inv.,20100609,1927.0,1881.0,1901.0,358827518,188754,19,D,1927.0,1920.0
1355,Tukafoolad.Inv.,20100612,1932.0,1900.0,1924.0,443378099,230440,23,D,1901.0,1930.0
1356,Tukafoolad.Inv.,20100616,1857.0,1857.0,1922.0,9947949,5357,1,D,1924.0,1857.0
1357,Tukafoolad.Inv.,20100623,1855.0,1855.0,1920.0,7369915,3973,1,D,1922.0,1855.0
1358,Tukafoolad.Inv.,20100628,1855.0,1844.0,1844.0,10665987662,5782623,293,D,1920.0,1844.0
1359,Tukafoolad.Inv.,20100629,1799.0,1771.0,1776.0,437838428,246509,47,D,1844.0,1771.0
1360,Tukafoolad.Inv.,20100630,1736.0,1705.0,1721.0,224488257,131326,48,D,1776.0,1710.0
1361,Tukafoolad.Inv.,20100703,1660.0,1653.0,1700.0,84470901,51049,10,D,1721.0,1660.0
1362,Tukafoolad.Inv.,20100704,1671.0,1632.0,1666.0,181413200,109943,18,D,1700.0,1632.0
1363,Tukafoolad.Inv.,20100705,1616.0,1613.0,1626.0,199285936,123421,11,D,1666.0,1616.0
1364,Tukafoolad.Inv.,20100706,1691.0,1620.0,1680.0,328854738,195711,26,D,1626.0,1691.0
1365,Tukafoolad.Inv.,20100707,1747.0,1730.0,1744.0,798387407,457781,35,D,1680.0,1747.0
1366,Tukafoolad.Inv.,20100711,1755.0,1711.0,1747.0,92670690,52865,17,D,1744.0,1755.0
1367,Tukafoolad.Inv.,20100712,1721.0,1711.0,1722.0,205969484,120190,24,D,1747.0,1711.0
1368,Tukafoolad.Inv.,20100713,1742.0,1723.0,1724.0,23824485,13695,4,D,1722.0,1723.0
1369,Tukafoolad.Inv.,20100714,1789.0,1738.0,1736.0,127932752,73068,17,D,1724.0,1756.0
1370,Tukafoolad.Inv.,20100717,1773.0,1713.0,1740.0,73922165,42251,11,D,1736.0,1730.0
1371,Tukafoolad.Inv.,20100718,1727.0,1700.0,1721.0,346159269,201175,26,D,1740.0,1700.0
1372,Tukafoolad.Inv.,20100719,1746.0,1702.0,1722.0,38567000,22300,5,D,1721.0,1706.0
1373,Tukafoolad.Inv.,20100720,1744.0,1710.0,1728.0,213483681,123404,30,D,1722.0,1730.0
1374,Tukafoolad.Inv.,20100721,1740.0,1708.0,1725.0,132478210,76953,16,D,1728.0,1712.0
1375,Tukafoolad.Inv.,20100724,1794.0,1743.0,1780.0,860724605,483566,47,D,1725.0,1794.0
1376,Tukafoolad.Inv.,20100725,1832.0,1786.0,1798.0,648014334,360337,60,D,1780.0,1786.0
1377,Tukafoolad.Inv.,20100726,1823.0,1729.0,1733.0,270859023,156391,18,D,1798.0,1730.0
1378,Tukafoolad.Inv.,20100728,1789.0,1744.0,1763.0,180038336,101128,15,D,1733.0,1761.0
1379,Tukafoolad.Inv.,20100731,1780.0,1730.0,1760.0,381433397,216763,32,D,1763.0,1743.0
1380,Tukafoolad.Inv.,20100801,1819.0,1752.0,1780.0,345796979,194247,37,D,1760.0,1790.0
1381,Tukafoolad.Inv.,20100802,1851.0,1820.0,1848.0,1728680935,935299,121,D,1780.0,1850.0
1382,Tukafoolad.Inv.,20100803,1879.0,1790.0,1846.0,540094676,292597,53,D,1848.0,1790.0
1383,Tukafoolad.Inv.,20100804,1802.0,1773.0,1781.0,628587480,352953,32,D,1846.0,1773.0
1384,Tukafoolad.Inv.,20100807,1800.0,1751.0,1772.0,204744769,115744,20,D,1781.0,1751.0
1385,Tukafoolad.Inv.,20100808,1790.0,1775.0,1774.0,76767942,43125,15,D,1772.0,1776.0
1386,Tukafoolad.Inv.,20100809,1806.0,1780.0,1794.0,469695277,261855,37,D,1774.0,1806.0
1387,Tukafoolad.Inv.,20100810,1865.0,1833.0,1860.0,1473260170,792192,63,D,1794.0,1865.0
1388,Tukafoolad.Inv.,20100811,1934.0,1934.0,1934.0,2510780688,1298232,157,D,1860.0,1934.0
1389,Tukafoolad.Inv.,20100814,2011.0,1934.0,1987.0,2332708493,1174187,184,D,1934.0,1934.0
1390,Tukafoolad.Inv.,20100815,1990.0,1908.0,1920.0,323209191,168354,27,D,1987.0,1908.0
1391,Tukafoolad.Inv.,20100816,1923.0,1845.0,1888.0,1238646005,656223,76,D,1920.0,1923.0
1392,Tukafoolad.Inv.,20100817,1920.0,1897.0,1908.0,601507610,315293,36,D,1888.0,1910.0
1393,Tukafoolad.Inv.,20100818,1948.0,1850.0,1886.0,725486192,384672,62,D,1908.0,1855.0
1394,Tukafoolad.Inv.,20100821,1954.0,1868.0,1889.0,247703885,131125,26,D,1886.0,1868.0
1395,Tukafoolad.Inv.,20100822,1919.0,1860.0,1880.0,416183632,221320,41,D,1889.0,1860.0
1396,Tukafoolad.Inv.,20100823,1930.0,1861.0,1905.0,433260600,227416,42,D,1880.0,1929.0
1397,Tukafoolad.Inv.,20100824,1978.0,1927.0,1947.0,1539971767,790993,98,D,1905.0,1960.0
1398,Tukafoolad.Inv.,20100825,1974.0,1920.0,1951.0,719796595,368901,47,D,1947.0,1930.0
1399,Tukafoolad.Inv.,20100828,1962.0,1919.0,1941.0,305066977,157194,30,D,1951.0,1919.0
1400,Tukafoolad.Inv.,20100829,1988.0,1942.0,1958.0,647852575,330796,32,D,1941.0,1942.0
1401,Tukafoolad.Inv.,20100830,1959.0,1920.0,1944.0,814290690,418936,58,D,1958.0,1952.0
1402,Tukafoolad.Inv.,20100831,1994.0,1950.0,1985.0,442652055,223000,28,D,1944.0,1990.0
1403,Tukafoolad.Inv.,20100904,2060.0,1985.0,2032.0,974814954,479712,75,D,1985.0,2047.0
1404,Tukafoolad.Inv.,20100905,2113.0,2050.0,2098.0,2810273139,1339436,115,D,2032.0,2113.0
1405,Tukafoolad.Inv.,20100906,2181.0,2110.0,2174.0,3903757598,1795654,179,D,2098.0,2181.0
1406,Tukafoolad.Inv.,20100907,2260.0,2100.0,2191.0,3015961765,1376815,138,D,2174.0,2170.0
1407,Tukafoolad.Inv.,20100908,2278.0,2111.0,2255.0,3828491531,1697650,180,D,2191.0,2278.0
1408,Tukafoolad.Inv.,20100912,2340.0,2201.0,2282.0,3059796502,1341066,113,D,2255.0,2250.0
1409,Tukafoolad.Inv.,20100913,2227.0,2191.0,2193.0,620841313,283047,40,D,2282.0,2191.0
1410,Tukafoolad.Inv.,20100914,2120.0,2106.0,2143.0,204500144,96912,21,D,2193.0,2106.0
1411,Tukafoolad.Inv.,20100915,2139.0,2059.0,2103.0,1073165659,510374,96,D,2143.0,2098.0
1412,Tukafoolad.Inv.,20100918,2097.0,2059.0,2075.0,569761428,274523,47,D,2103.0,2065.0
1413,Tukafoolad.Inv.,20100919,2157.0,2031.0,2074.0,1743728325,840817,122,D,2075.0,2031.0
1414,Tukafoolad.Inv.,20100920,2130.0,2050.0,2096.0,346450066,165324,47,D,2074.0,2060.0
1415,Tukafoolad.Inv.,20100921,2179.0,2050.0,2134.0,969943155,454468,72,D,2096.0,2179.0
1416,Tukafoolad.Inv.,20100922,2217.0,2170.0,2183.0,358766285,164367,56,D,2134.0,2177.0
1417,Tukafoolad.Inv.,20100925,2190.0,2096.0,2109.0,711945802,337552,56,D,2183.0,2096.0
1418,Tukafoolad.Inv.,20100926,2084.0,2040.0,2056.0,286032565,139613,29,D,2109.0,2051.0
1419,Tukafoolad.Inv.,20100927,2099.0,2070.0,2083.0,929374790,446172,151,D,2056.0,2079.0
1420,Tukafoolad.Inv.,20100928,2120.0,2080.0,2093.0,408442195,195157,31,D,2083.0,2102.0
1421,Tukafoolad.Inv.,20100929,2159.0,2092.0,2110.0,265440825,125498,25,D,2093.0,2125.0
1422,Tukafoolad.Inv.,20101002,2148.0,2100.0,2127.0,424498749,199594,50,D,2110.0,2100.0
1423,Tukafoolad.Inv.,20101003,2130.0,2070.0,2093.0,664290287,317331,62,D,2127.0,2070.0
1424,Tukafoolad.Inv.,20101005,2150.0,2100.0,2130.0,473146062,222087,38,D,2093.0,2143.0
1425,Tukafoolad.Inv.,20101006,2188.0,2141.0,2158.0,959133404,444460,64,D,2130.0,2173.0
1426,Tukafoolad.Inv.,20101009,2200.0,2121.0,2177.0,1134087628,520943,90,D,2158.0,2195.0
1427,Tukafoolad.Inv.,20101010,2198.0,2100.0,2128.0,1055313385,495972,66,D,2177.0,2120.0
1428,Tukafoolad.Inv.,20101011,2120.0,2043.0,2076.0,586832156,282660,45,D,2128.0,2055.0
1429,Tukafoolad.Inv.,20101012,2058.0,1993.0,2001.0,328220774,164007,38,D,2076.0,1993.0
1430,Tukafoolad.Inv.,20101013,1921.0,1921.0,1995.0,21265470,11070,4,D,2001.0,1921.0
1431,Tukafoolad.Inv.,20101016,1979.0,1916.0,1923.0,1116238997,580382,95,D,1995.0,1921.0
1432,Tukafoolad.Inv.,20101017,1999.0,1960.0,1995.0,1225732358,614333,76,D,1923.0,1999.0
1433,Tukafoolad.Inv.,20101025,1995.0,1931.0,1958.0,85503263,43670,15,D,1995.0,1931.0
1434,Tukafoolad.Inv.,20101026,1978.0,1886.0,1952.0,435077048,222934,44,D,1958.0,1940.0
1435,Tukafoolad.Inv.,20101027,1967.0,1950.0,1956.0,233328535,119237,22,D,1952.0,1950.0
1436,Tukafoolad.Inv.,20101030,1995.0,1942.0,1956.0,79330124,40560,12,D,1956.0,1959.0
1437,Tukafoolad.Inv.,20101031,1990.0,1945.0,1958.0,344955285,176201,35,D,1956.0,1945.0
1438,Tukafoolad.Inv.,20101101,1970.0,1936.0,1955.0,132523482,67964,18,D,1958.0,1970.0
1439,Tukafoolad.Inv.,20101102,1950.0,1918.0,1934.0,354751115,183473,39,D,1955.0,1929.0
1440,Tukafoolad.Inv.,20101103,1940.0,1930.0,1936.0,292839445,151275,25,D,1934.0,1939.0
1441,Tukafoolad.Inv.,20101106,1979.0,1925.0,1949.0,1775654890,911094,146,D,1936.0,1925.0
1442,Tukafoolad.Inv.,20101115,1673.0,1607.0,1610.0,328895231,204267,25,D,1549.0,1607.0
1443,Tukafoolad.Inv.,20101116,1670.0,1590.0,1613.0,306967507,190322,38,D,1610.0,1601.0
1444,Tukafoolad.Inv.,20101120,1666.0,1580.0,1593.0,246081725,154500,17,D,1613.0,1582.0
1445,Tukafoolad.Inv.,20101121,1611.0,1530.0,1592.0,21813117,13827,9,D,1593.0,1611.0
1446,Tukafoolad.Inv.,20101122,1600.0,1580.0,1592.0,13066970,8216,6,D,1592.0,1580.0
1447,Tukafoolad.Inv.,20101123,1580.0,1529.0,1572.0,97356250,63123,17,D,1592.0,1529.0
1448,Tukafoolad.Inv.,20101124,1570.0,1510.0,1521.0,244093855,160464,37,D,1572.0,1510.0
1449,Tukafoolad.Inv.,20101127,1512.0,1463.0,1499.0,141573825,95405,28,D,1521.0,1474.0
1450,Tukafoolad.Inv.,20101128,1558.0,1481.0,1525.0,189552409,123649,26,D,1499.0,1558.0
1451,Tukafoolad.Inv.,20101129,1586.0,1558.0,1578.0,224459102,141649,24,D,1525.0,1586.0
1452,Tukafoolad.Inv.,20101130,1641.0,1560.0,1607.0,237174383,147357,40,D,1578.0,1560.0
1453,Tukafoolad.Inv.,20101201,1629.0,1555.0,1555.0,416241278,267617,25,D,1607.0,1560.0
1454,Tukafoolad.Inv.,20101204,1560.0,1522.0,1552.0,54511960,35316,9,D,1555.0,1522.0
1455,Tukafoolad.Inv.,20101205,1577.0,1511.0,1547.0,60444984,39471,13,D,1552.0,1520.0
1456,Tukafoolad.Inv.,20101206,1607.0,1500.0,1549.0,788857205,509354,58,D,1547.0,1549.0
1457,Tukafoolad.Inv.,20101207,1570.0,1549.0,1550.0,33234008,21323,11,D,1549.0,1560.0
1458,Tukafoolad.Inv.,20101208,1565.0,1500.0,1537.0,117880386,77388,11,D,1550.0,1545.0
1459,Tukafoolad.Inv.,20101211,1529.0,1502.0,1525.0,238950674,156729,23,D,1537.0,1520.0
1460,Tukafoolad.Inv.,20101212,1545.0,1520.0,1529.0,229716766,150236,21,D,1525.0,1521.0
1461,Tukafoolad.Inv.,20101213,1540.0,1510.0,1525.0,98391936,64806,13,D,1529.0,1516.0
1462,Tukafoolad.Inv.,20101214,1534.0,1500.0,1519.0,156561366,103245,19,D,1525.0,1500.0
1463,Tukafoolad.Inv.,20101218,1500.0,1461.0,1509.0,77086620,51850,21,D,1519.0,1465.0
1464,Tukafoolad.Inv.,20101219,1465.0,1450.0,1469.0,195295970,133617,25,D,1509.0,1450.0
1465,Tukafoolad.Inv.,20101220,1421.0,1412.0,1452.0,71200657,50309,11,D,1469.0,1413.0
1466,Tukafoolad.Inv.,20101221,1459.0,1430.0,1448.0,47063405,32852,12,D,1452.0,1459.0
1467,Tukafoolad.Inv.,20101222,1495.0,1450.0,1456.0,68094679,46163,12,D,1448.0,1471.0
1468,Tukafoolad.Inv.,20101225,1514.0,1499.0,1513.0,1039494824,686916,71,D,1456.0,1514.0
1469,Tukafoolad.Inv.,20101226,1559.0,1490.0,1520.0,179869834,118095,21,D,1513.0,1490.0
1470,Tukafoolad.Inv.,20101227,1500.0,1462.0,1498.0,212885754,142416,35,D,1520.0,1462.0
1471,Tukafoolad.Inv.,20101228,1500.0,1475.0,1489.0,120718696,81556,11,D,1498.0,1475.0
1472,Tukafoolad.Inv.,20101229,1480.0,1446.0,1477.0,1008438552,682792,38,D,1489.0,1461.0
1473,Tukafoolad.Inv.,20110101,1480.0,1470.0,1479.0,986183940,666746,41,D,1477.0,1480.0
1474,Tukafoolad.Inv.,20110102,1499.0,1471.0,1481.0,32041251,21483,8,D,1479.0,1471.0
1475,Tukafoolad.Inv.,20110103,1518.0,1451.0,1472.0,371971414,252626,43,D,1481.0,1451.0
1476,Tukafoolad.Inv.,20110104,1471.0,1451.0,1471.0,75988480,51780,20,D,1472.0,1470.0
1477,Tukafoolad.Inv.,20110105,1489.0,1450.0,1467.0,220799738,150502,26,D,1471.0,1454.0
1478,Tukafoolad.Inv.,20110108,1490.0,1409.0,1448.0,688031942,475316,64,D,1467.0,1409.0
1479,Tukafoolad.Inv.,20110109,1505.0,1460.0,1488.0,677986407,455667,43,D,1448.0,1505.0
1480,Tukafoolad.Inv.,20110110,1536.0,1479.0,1518.0,353960792,233101,53,D,1488.0,1512.0
1481,Tukafoolad.Inv.,20110111,1512.0,1479.0,1498.0,163772372,109973,30,D,1518.0,1479.0
1482,Tukafoolad.Inv.,20110112,1499.0,1475.0,1492.0,72015904,48679,9,D,1498.0,1475.0
1483,Tukafoolad.Inv.,20110115,1475.0,1458.0,1483.0,79525006,54229,9,D,1492.0,1459.0
1484,Tukafoolad.Inv.,20110116,1490.0,1460.0,1480.0,115856303,78446,22,D,1483.0,1471.0
1485,Tukafoolad.Inv.,20110117,1520.0,1471.0,1490.0,386184905,259267,37,D,1480.0,1520.0
1486,Tukafoolad.Inv.,20110118,1549.0,1522.0,1542.0,663420732,430132,50,D,1490.0,1549.0
1487,Tukafoolad.Inv.,20110119,1603.0,1603.0,1603.0,508165427,317009,27,D,1542.0,1603.0
1488,Tukafoolad.Inv.,20110122,1667.0,1667.0,1614.0,47009400,28200,6,D,1603.0,1667.0
1489,Tukafoolad.Inv.,20110123,1678.0,1678.0,1656.0,177371312,105704,8,D,1614.0,1678.0
1490,Tukafoolad.Inv.,20110124,1722.0,1722.0,1671.0,61509840,35720,8,D,1656.0,1722.0
1491,Tukafoolad.Inv.,20110126,1737.0,1737.0,1691.0,83358630,47990,5,D,1671.0,1737.0
1492,Tukafoolad.Inv.,20110129,1899.0,1826.0,1894.0,5655004345,2985278,282,D,1691.0,1899.0
1493,Tukafoolad.Inv.,20110130,1930.0,1826.0,1890.0,3046848586,1612187,197,D,1894.0,1861.0
1494,Tukafoolad.Inv.,20110131,1900.0,1820.0,1868.0,2045004174,1094665,122,D,1890.0,1900.0
1495,Tukafoolad.Inv.,20110201,1942.0,1900.0,1941.0,7066015358,3640022,233,D,1868.0,1942.0
1496,Tukafoolad.Inv.,20110205,2018.0,1970.0,2016.0,14742088731,7311963,454,D,1941.0,2010.0
1497,Tukafoolad.Inv.,20110206,2096.0,1960.0,2023.0,3260151362,1611213,157,D,2016.0,1961.0
1498,Tukafoolad.Inv.,20110207,2020.0,1943.0,1963.0,913310658,465298,60,D,2023.0,1943.0
1499,Tukafoolad.Inv.,20110208,2041.0,1885.0,2016.0,8612307911,4271289,362,D,1963.0,2041.0
1500,Tukafoolad.Inv.,20110209,2041.0,1936.0,1963.0,1242410421,632967,98,D,2016.0,1998.0
1501,Tukafoolad.Inv.,20110212,1930.0,1901.0,1916.0,257743623,135109,32,D,1963.0,1901.0
1502,Tukafoolad.Inv.,20110213,1947.0,1885.0,1908.0,180984191,95121,29,D,1916.0,1902.0
1503,Tukafoolad.Inv.,20110214,1940.0,1850.0,1877.0,404157510,215282,39,D,1908.0,1875.0
1504,Tukafoolad.Inv.,20110215,1883.0,1851.0,1868.0,330768697,177109,29,D,1877.0,1882.0
1505,Tukafoolad.Inv.,20110216,1880.0,1850.0,1860.0,216333350,116460,26,D,1868.0,1855.0
1506,Tukafoolad.Inv.,20110219,1895.0,1850.0,1855.0,462975297,249563,35,D,1860.0,1850.0
1507,Tukafoolad.Inv.,20110220,1879.0,1781.0,1840.0,88193255,48818,22,D,1855.0,1781.0
1508,Tukafoolad.Inv.,20110222,1774.0,1767.0,1787.0,208290774,117782,36,D,1840.0,1767.0
1509,Tukafoolad.Inv.,20110223,1840.0,1729.0,1774.0,371793588,209602,49,D,1787.0,1800.0
1510,Tukafoolad.Inv.,20110226,1844.0,1783.0,1844.0,1196591084,649076,84,D,1774.0,1844.0
1511,Tukafoolad.Inv.,20110227,1868.0,1771.0,1830.0,169571178,93208,27,D,1844.0,1798.0
1512,Tukafoolad.Inv.,20110228,1828.0,1758.0,1775.0,222294873,126299,34,D,1830.0,1760.0
1513,Tukafoolad.Inv.,20110301,1750.0,1704.0,1761.0,65478893,38155,17,D,1775.0,1704.0
1514,Tukafoolad.Inv.,20110302,1768.0,1691.0,1705.0,2126477171,1247509,151,D,1761.0,1768.0
1515,Tukafoolad.Inv.,20110305,1773.0,1745.0,1772.0,1037187597,585463,59,D,1705.0,1773.0
1516,Tukafoolad.Inv.,20110306,1840.0,1755.0,1827.0,1019491312,558027,108,D,1772.0,1755.0
1517,Tukafoolad.Inv.,20110307,1810.0,1763.0,1797.0,246681647,137657,27,D,1827.0,1800.0
1518,Tukafoolad.Inv.,20110308,1868.0,1800.0,1861.0,1623120379,872053,77,D,1797.0,1868.0
1519,Tukafoolad.Inv.,20110309,1930.0,1863.0,1899.0,664150717,349726,61,D,1861.0,1889.0
1520,Tukafoolad.Inv.,20110312,1898.0,1824.0,1827.0,480116194,262851,40,D,1899.0,1824.0
1521,Tukafoolad.Inv.,20110313,1880.0,1821.0,1853.0,305077836,164642,30,D,1827.0,1825.0
1522,Tukafoolad.Inv.,20110314,1910.0,1824.0,1867.0,953864515,511007,70,D,1853.0,1909.0
1523,Tukafoolad.Inv.,20110315,1941.0,1918.0,1937.0,1390422641,717934,94,D,1867.0,1941.0
1524,Tukafoolad.Inv.,20110316,2014.0,1990.0,2010.0,3221887395,1602690,211,D,1937.0,2014.0
1525,Tukafoolad.Inv.,20110319,2090.0,2029.0,2077.0,2253437294,1084817,145,D,2010.0,2064.0
1526,Tukafoolad.Inv.,20110326,2160.0,2065.0,2150.0,508106250,236337,40,D,2077.0,2160.0
1527,Tukafoolad.Inv.,20110327,2236.0,2236.0,2236.0,832737828,372423,35,D,2150.0,2236.0
1528,Tukafoolad.Inv.,20110328,2325.0,2280.0,2324.0,7233299536,3112043,202,D,2236.0,2325.0
1529,Tukafoolad.Inv.,20110329,2416.0,2330.0,2396.0,2646347552,1104272,143,D,2324.0,2416.0
1530,Tukafoolad.Inv.,20110330,2491.0,2491.0,2491.0,1716729943,689173,36,D,2396.0,2491.0
1531,Tukafoolad.Inv.,20110403,2590.0,2590.0,2590.0,420517580,162362,13,D,2491.0,2590.0
1532,Tukafoolad.Inv.,20110404,2693.0,2693.0,2693.0,520414171,193247,13,D,2590.0,2693.0
1533,Tukafoolad.Inv.,20110405,2800.0,2742.0,2800.0,27535570743,9835867,597,D,2693.0,2800.0
1534,Tukafoolad.Inv.,20110406,2845.0,2688.0,2717.0,20399744305,7508709,609,D,2800.0,2688.0
1535,Tukafoolad.Inv.,20110409,2609.0,2609.0,2609.0,1467288555,562395,38,D,2717.0,2609.0
1536,Tukafoolad.Inv.,20110410,2505.0,2505.0,2564.0,171662640,68528,7,D,2609.0,2505.0
1537,Tukafoolad.Inv.,20110411,2462.0,2462.0,2462.0,514910066,209143,14,D,2564.0,2462.0
1538,Tukafoolad.Inv.,20110412,2364.0,2364.0,2364.0,931359264,393976,35,D,2462.0,2364.0
1539,Tukafoolad.Inv.,20110413,2458.0,2270.0,2402.0,17499126007,7286230,695,D,2364.0,2458.0
1540,Tukafoolad.Inv.,20110416,2498.0,2498.0,2498.0,409674498,164001,21,D,2402.0,2498.0
1541,Tukafoolad.Inv.,20110417,2549.0,2399.0,2468.0,4646384682,1882854,246,D,2498.0,2440.0
1542,Tukafoolad.Inv.,20110418,2480.0,2370.0,2390.0,4873441894,2039242,196,D,2468.0,2372.0
1543,Tukafoolad.Inv.,20110419,2390.0,2296.0,2315.0,1708373809,737964,101,D,2390.0,2297.0
1544,Tukafoolad.Inv.,20110420,2407.0,2380.0,2402.0,386464284,160920,35,D,2315.0,2407.0
1545,Tukafoolad.Inv.,20110423,2498.0,2495.0,2498.0,1380941248,552876,73,D,2402.0,2498.0
1546,Tukafoolad.Inv.,20110424,2592.0,2410.0,2495.0,3585636102,1437259,158,D,2498.0,2461.0
1547,Tukafoolad.Inv.,20110425,2530.0,2396.0,2417.0,894634981,370160,64,D,2495.0,2489.0
1548,Tukafoolad.Inv.,20110426,2513.0,2359.0,2444.0,3204199014,1310894,150,D,2417.0,2378.0
1549,Tukafoolad.Inv.,20110427,2366.0,2347.0,2348.0,413244636,175973,31,D,2444.0,2347.0
1550,Tukafoolad.Inv.,20110430,2255.0,2255.0,2312.0,139810000,62000,8,D,2348.0,2255.0
1551,Tukafoolad.Inv.,20110501,2220.0,2220.0,2225.0,337440000,152000,18,D,2312.0,2220.0
1552,Tukafoolad.Inv.,20110502,2314.0,2314.0,2314.0,416520000,180000,29,D,2225.0,2314.0
1553,Tukafoolad.Inv.,20110503,2406.0,2290.0,2389.0,3273881029,1370375,147,D,2314.0,2406.0
1554,Tukafoolad.Inv.,20110504,2484.0,2351.0,2468.0,1643233593,665941,120,D,2389.0,2484.0
1555,Tukafoolad.Inv.,20110508,2410.0,2370.0,2375.0,432097680,181964,31,D,2468.0,2370.0
1556,Tukafoolad.Inv.,20110509,2470.0,2400.0,2446.0,1460137578,596922,68,D,2375.0,2470.0
1557,Tukafoolad.Inv.,20110510,2480.0,2401.0,2425.0,608945768,251157,31,D,2446.0,2401.0
1558,Tukafoolad.Inv.,20110511,2490.0,2372.0,2434.0,967719799,397593,52,D,2425.0,2490.0
1559,Tukafoolad.Inv.,20110514,2500.0,2500.0,2435.0,4477500,1791,1,D,2434.0,2500.0
1560,Tukafoolad.Inv.,20110515,2520.0,2424.0,2477.0,1079190163,435618,75,D,2435.0,2435.0
1561,Tukafoolad.Inv.,20110516,2448.0,2378.0,2391.0,489398740,204707,29,D,2477.0,2400.0
1562,Tukafoolad.Inv.,20110517,2373.0,2321.0,2346.0,914337280,389666,45,D,2391.0,2321.0
1563,Tukafoolad.Inv.,20110518,2439.0,2326.0,2419.0,1424221757,588651,75,D,2346.0,2439.0
1564,Tukafoolad.Inv.,20110521,2478.0,2420.0,2453.0,1392557948,567650,75,D,2419.0,2450.0
1565,Tukafoolad.Inv.,20110522,2439.0,2355.0,2372.0,1497021368,631171,66,D,2453.0,2370.0
1566,Tukafoolad.Inv.,20110523,2417.0,2286.0,2372.0,805605622,339701,54,D,2372.0,2371.0
1567,Tukafoolad.Inv.,20110524,2442.0,2278.0,2313.0,335825535,145570,32,D,2372.0,2278.0
1568,Tukafoolad.Inv.,20110525,2300.0,2221.0,2229.0,557633586,250156,35,D,2313.0,2221.0
1569,Tukafoolad.Inv.,20110528,2206.0,2140.0,2152.0,436237080,202736,34,D,2229.0,2140.0
1570,Tukafoolad.Inv.,20110529,2066.0,2066.0,2066.0,330560000,160000,18,D,2152.0,2066.0
1571,Tukafoolad.Inv.,20110530,2148.0,1984.0,2086.0,3710364444,1778820,143,D,2066.0,2148.0
1572,Tukafoolad.Inv.,20110531,2169.0,2160.0,2167.0,582055115,268567,29,D,2086.0,2169.0
1573,Tukafoolad.Inv.,20110601,2253.0,2161.0,2236.0,2436776196,1089638,100,D,2167.0,2229.0
1574,Tukafoolad.Inv.,20110606,2320.0,2200.0,2232.0,671710996,300987,34,D,2236.0,2200.0
1575,Tukafoolad.Inv.,20110607,2173.0,2143.0,2166.0,295130091,136977,24,D,2232.0,2144.0
1576,Tukafoolad.Inv.,20110608,2239.0,2171.0,2178.0,64706000,29000,7,D,2166.0,2239.0
1577,Tukafoolad.Inv.,20110611,2230.0,2091.0,2149.0,156290103,73890,21,D,2178.0,2091.0
1578,Tukafoolad.Inv.,20110612,2150.0,2064.0,2112.0,210228230,100571,26,D,2149.0,2072.0
1579,Tukafoolad.Inv.,20110613,2150.0,2082.0,2114.0,170466446,80593,17,D,2112.0,2128.0
1580,Tukafoolad.Inv.,20110614,2079.0,2031.0,2073.0,335239408,161680,34,D,2114.0,2031.0
1581,Tukafoolad.Inv.,20110615,2073.0,2006.0,2051.0,226411405,110928,18,D,2073.0,2050.0
1582,Tukafoolad.Inv.,20110618,2090.0,1969.0,2007.0,406319946,202475,42,D,2051.0,2090.0
1583,Tukafoolad.Inv.,20110619,2078.0,2000.0,2026.0,205619999,100934,20,D,2007.0,2000.0
1584,Tukafoolad.Inv.,20110620,2090.0,2020.0,2044.0,497379250,243370,37,D,2026.0,2050.0
1585,Tukafoolad.Inv.,20110621,2033.0,2032.0,2044.0,12660550,6230,4,D,2044.0,2032.0
1586,Tukafoolad.Inv.,20110622,2040.0,1990.0,2009.0,402490050,200350,34,D,2044.0,2000.0
1587,Tukafoolad.Inv.,20110625,2046.0,1986.0,2007.0,53983000,27000,7,D,2009.0,1986.0
1588,Tukafoolad.Inv.,20110626,1980.0,1927.0,1936.0,463438900,239360,31,D,2007.0,1927.0
1589,Tukafoolad.Inv.,20110627,1881.0,1859.0,1862.0,842302996,452362,63,D,1936.0,1859.0
1590,Tukafoolad.Inv.,20110628,1869.0,1801.0,1828.0,459474605,251390,27,D,1862.0,1867.0
1591,Tukafoolad.Inv.,20110629,1901.0,1901.0,1833.0,20150600,10600,5,D,1828.0,1901.0
1592,Tukafoolad.Inv.,20110702,1906.0,1906.0,1842.0,37136504,19484,5,D,1833.0,1906.0
1593,Tukafoolad.Inv.,20110703,1915.0,1915.0,1843.0,2947185,1539,7,D,1842.0,1915.0
1594,Tukafoolad.Inv.,20110704,1916.0,1915.0,1916.0,1307698648,682528,72,D,1843.0,1916.0
1595,Tukafoolad.Inv.,20110705,1970.0,1904.0,1922.0,322645216,167873,35,D,1916.0,1914.0
1596,Tukafoolad.Inv.,20110706,1975.0,1900.0,1930.0,454890212,235738,43,D,1922.0,1921.0
1597,Tukafoolad.Inv.,20110709,1911.0,1853.0,1882.0,745655109,396261,46,D,1930.0,1853.0
1598,Tukafoolad.Inv.,20110710,1911.0,1818.0,1824.0,310354444,170132,24,D,1882.0,1850.0
1599,Tukafoolad.Inv.,20110711,1890.0,1884.0,1833.0,43613975,23100,10,D,1824.0,1884.0
1600,Tukafoolad.Inv.,20110712,1880.0,1850.0,1861.0,394906484,212211,31,D,1833.0,1880.0
1601,Tukafoolad.Inv.,20110713,1896.0,1851.0,1871.0,247477445,132105,15,D,1861.0,1874.0
1602,Tukafoolad.Inv.,20110716,1945.0,1869.0,1925.0,283444745,146903,37,D,1871.0,1945.0
1603,Tukafoolad.Inv.,20110718,2000.0,1970.0,1990.0,792985952,398506,40,D,1925.0,1970.0
1604,Tukafoolad.Inv.,20110719,1989.0,1940.0,1985.0,96972256,49152,23,D,1990.0,1950.0
1605,Tukafoolad.Inv.,20110720,2064.0,1921.0,2016.0,1514058027,750848,103,D,1985.0,2064.0
1606,Tukafoolad.Inv.,20110723,2096.0,2095.0,2096.0,613233084,292579,52,D,2016.0,2096.0
1607,Tukafoolad.Inv.,20110724,2179.0,2130.0,2155.0,782792591,363243,68,D,2096.0,2179.0
1608,Tukafoolad.Inv.,20110725,2220.0,2069.0,2165.0,289459445,133611,38,D,2155.0,2150.0
1609,Tukafoolad.Inv.,20110726,2170.0,2080.0,2141.0,768427473,358827,48,D,2165.0,2153.0
1610,Tukafoolad.Inv.,20110727,2149.0,2100.0,2128.0,112563840,53516,22,D,2141.0,2100.0
1611,Tukafoolad.Inv.,20110730,2147.0,2070.0,2113.0,502607621,237887,51,D,2128.0,2070.0
1612,Tukafoolad.Inv.,20110731,2100.0,2029.0,2093.0,127849382,62042,26,D,2113.0,2030.0
1613,Tukafoolad.Inv.,20110801,2129.0,2035.0,2087.0,64337491,31218,15,D,2093.0,2041.0
1614,Tukafoolad.Inv.,20110802,2141.0,2060.0,2092.0,506848755,242259,29,D,2087.0,2109.0
1615,Tukafoolad.Inv.,20110803,2134.0,2056.0,2096.0,410430615,195781,49,D,2092.0,2080.0
1616,Tukafoolad.Inv.,20110806,2110.0,2013.0,2057.0,1039227818,505293,90,D,2096.0,2050.0
1617,Tukafoolad.Inv.,20110830,1889.0,1856.0,1867.0,515608340,276107,30,D,1736.0,1858.0
1618,Tukafoolad.Inv.,20110903,1941.0,1882.0,1932.0,3002496259,1554173,144,D,1867.0,1941.0
1619,Tukafoolad.Inv.,20110904,2009.0,1942.0,2006.0,531575421,265003,30,D,1932.0,2009.0
1620,Tukafoolad.Inv.,20110905,2086.0,2045.0,2085.0,5093561445,2442398,220,D,2006.0,2086.0
1621,Tukafoolad.Inv.,20110906,2168.0,2125.0,2157.0,1941318861,900165,105,D,2085.0,2168.0
1622,Tukafoolad.Inv.,20110907,2243.0,2160.0,2228.0,2037797489,914641,114,D,2157.0,2243.0
1623,Tukafoolad.Inv.,20110910,2317.0,2300.0,2309.0,2785603616,1206479,117,D,2228.0,2317.0
1624,Tukafoolad.Inv.,20110911,2399.0,2217.0,2325.0,4106400674,1766272,272,D,2309.0,2256.0
1625,Tukafoolad.Inv.,20110912,2280.0,2232.0,2232.0,357166832,160000,28,D,2325.0,2232.0
1626,Tukafoolad.Inv.,20110913,2240.0,2148.0,2185.0,1234692505,565035,117,D,2232.0,2166.0
1627,Tukafoolad.Inv.,20110914,2187.0,2123.0,2145.0,692510083,322809,46,D,2185.0,2141.0
1628,Tukafoolad.Inv.,20110917,2230.0,2141.0,2225.0,608597945,273535,34,D,2145.0,2230.0
1629,Tukafoolad.Inv.,20110918,2314.0,2252.0,2311.0,2077982443,899161,102,D,2225.0,2260.0
1630,Tukafoolad.Inv.,20110919,2299.0,2219.0,2246.0,782309554,348265,48,D,2311.0,2219.0
1631,Tukafoolad.Inv.,20110920,2199.0,2160.0,2212.0,161385540,74244,11,D,2246.0,2195.0
1632,Tukafoolad.Inv.,20110921,2258.0,2200.0,2221.0,800406368,360314,49,D,2212.0,2206.0
1633,Tukafoolad.Inv.,20110925,2239.0,2133.0,2136.0,1458449557,682779,64,D,2221.0,2133.0
1634,Tukafoolad.Inv.,20110926,2129.0,2081.0,2109.0,278007185,132155,24,D,2136.0,2129.0
1635,Tukafoolad.Inv.,20110927,2193.0,2109.0,2192.0,965751190,440565,62,D,2109.0,2193.0
1636,Tukafoolad.Inv.,20110928,2265.0,2151.0,2196.0,713912666,325072,74,D,2192.0,2215.0
1637,Tukafoolad.Inv.,20111001,2200.0,2110.0,2183.0,180115652,82990,13,D,2196.0,2200.0
1638,Tukafoolad.Inv.,20111002,2246.0,2165.0,2204.0,1180927046,535733,52,D,2183.0,2197.0
1639,Tukafoolad.Inv.,20111003,2292.0,2180.0,2265.0,1850485626,817022,99,D,2204.0,2292.0
1640,Tukafoolad.Inv.,20111004,2355.0,2300.0,2341.0,2697520963,1152469,145,D,2265.0,2355.0
1641,Tukafoolad.Inv.,20111005,2400.0,2315.0,2390.0,897974212,375649,61,D,2341.0,2390.0
1642,Tukafoolad.Inv.,20111008,2365.0,2295.0,2336.0,446277971,191070,28,D,2390.0,2295.0
1643,Tukafoolad.Inv.,20111009,2335.0,2243.0,2279.0,2424310084,1063839,60,D,2336.0,2271.0
1644,Tukafoolad.Inv.,20111010,2370.0,2292.0,2310.0,1011219465,437708,47,D,2279.0,2330.0
1645,Tukafoolad.Inv.,20111011,2366.0,2285.0,2316.0,1690464606,729975,53,D,2310.0,2310.0
1646,Tukafoolad.Inv.,20111012,2329.0,2275.0,2287.0,1496644180,654296,70,D,2316.0,2275.0
1647,Tukafoolad.Inv.,20111015,2297.0,2196.0,2229.0,603455680,270731,40,D,2287.0,2198.0
1648,Tukafoolad.Inv.,20111016,2190.0,2140.0,2159.0,271949040,127031,33,D,2229.0,2150.0
1649,Tukafoolad.Inv.,20111017,2243.0,2141.0,2197.0,3401174532,1547807,74,D,2159.0,2190.0
1650,Tukafoolad.Inv.,20111018,2229.0,2110.0,2142.0,1229639054,574088,83,D,2197.0,2136.0
1651,Tukafoolad.Inv.,20111031,2196.0,2112.0,2174.0,4354490950,2002896,181,D,1911.0,2170.0
1652,Tukafoolad.Inv.,20111101,2219.0,2149.0,2189.0,1566517124,715696,110,D,2174.0,2190.0
1653,Tukafoolad.Inv.,20111102,2220.0,2161.0,2187.0,1210093143,553354,48,D,2189.0,2166.0
1654,Tukafoolad.Inv.,20111105,2129.0,2100.0,2104.0,521433638,247888,52,D,2187.0,2100.0
1655,Tukafoolad.Inv.,20111106,2050.0,2020.0,2027.0,683888320,337360,51,D,2104.0,2020.0
1656,Tukafoolad.Inv.,20111108,1946.0,1946.0,1946.0,469061894,241039,27,D,2027.0,1946.0
1657,Tukafoolad.Inv.,20111109,2023.0,1882.0,1987.0,1112757075,559919,56,D,1946.0,1982.0
1658,Tukafoolad.Inv.,20111112,2060.0,2001.0,2022.0,326606124,161501,42,D,1987.0,2020.0
1659,Tukafoolad.Inv.,20111113,2070.0,1942.0,1985.0,145042240,74670,18,D,2022.0,1942.0
1660,Tukafoolad.Inv.,20111114,2000.0,1910.0,1949.0,262863700,135330,20,D,1985.0,1910.0
1661,Tukafoolad.Inv.,20111116,1955.0,1920.0,1945.0,327456100,168400,16,D,1949.0,1955.0
1662,Tukafoolad.Inv.,20111119,1945.0,1940.0,1945.0,39659155,20429,7,D,1945.0,1940.0
1663,Tukafoolad.Inv.,20111120,1925.0,1868.0,1902.0,487644383,256433,78,D,1945.0,1900.0
1664,Tukafoolad.Inv.,20111121,1900.0,1826.0,1847.0,492120390,266445,21,D,1902.0,1850.0
1665,Tukafoolad.Inv.,20111122,1800.0,1774.0,1775.0,284498989,160263,25,D,1847.0,1774.0
1666,Tukafoolad.Inv.,20111123,1750.0,1704.0,1729.0,362043463,209408,34,D,1775.0,1727.0
1667,Tukafoolad.Inv.,20111126,1767.0,1698.0,1707.0,428579252,251000,24,D,1729.0,1728.0
1668,Tukafoolad.Inv.,20111127,1770.0,1639.0,1675.0,1013121519,604782,63,D,1707.0,1639.0
1669,Tukafoolad.Inv.,20111128,1675.0,1608.0,1620.0,1111843120,686365,47,D,1675.0,1608.0
1670,Tukafoolad.Inv.,20111129,1684.0,1650.0,1681.0,647593747,385332,39,D,1620.0,1684.0
1671,Tukafoolad.Inv.,20111130,1684.0,1614.0,1629.0,445484300,273550,37,D,1681.0,1615.0
1672,Tukafoolad.Inv.,20111203,1694.0,1670.0,1683.0,269664609,160193,34,D,1629.0,1694.0
1673,Tukafoolad.Inv.,20111204,1750.0,1747.0,1749.0,278142550,158977,24,D,1683.0,1750.0
1674,Tukafoolad.Inv.,20111207,1818.0,1817.0,1816.0,287150503,158013,32,D,1749.0,1818.0
1675,Tukafoolad.Inv.,20111210,1888.0,1850.0,1882.0,631553972,335553,61,D,1816.0,1887.0
1676,Tukafoolad.Inv.,20111211,1949.0,1820.0,1870.0,660414264,353084,59,D,1882.0,1820.0
1677,Tukafoolad.Inv.,20111212,1898.0,1844.0,1869.0,124790492,66802,16,D,1870.0,1870.0
1678,Tukafoolad.Inv.,20111213,1920.0,1850.0,1890.0,641792464,339505,51,D,1869.0,1850.0
1679,Tukafoolad.Inv.,20111214,1920.0,1850.0,1888.0,79345302,42119,16,D,1890.0,1850.0
1680,Tukafoolad.Inv.,20111217,1870.0,1813.0,1856.0,150844754,82622,24,D,1888.0,1824.0
1681,Tukafoolad.Inv.,20111218,1930.0,1859.0,1919.0,2211940162,1152599,111,D,1856.0,1930.0
1682,Tukafoolad.Inv.,20111219,1995.0,1952.0,1988.0,1027605320,516920,69,D,1919.0,1995.0
1683,Tukafoolad.Inv.,20111220,2067.0,2010.0,2048.0,1344551738,656560,67,D,1988.0,2020.0
1684,Tukafoolad.Inv.,20111221,2064.0,1967.0,1969.0,1059617365,538225,66,D,2048.0,1967.0
1685,Tukafoolad.Inv.,20111224,2000.0,1906.0,1984.0,560184101,282361,52,D,1969.0,1998.0
1686,Tukafoolad.Inv.,20111225,2020.0,1965.0,1981.0,361850841,182695,28,D,1984.0,1981.0
1687,Tukafoolad.Inv.,20111226,1980.0,1902.0,1902.0,1000540668,526045,40,D,1981.0,1902.0
1688,Tukafoolad.Inv.,20111227,1940.0,1880.0,1902.0,239752317,126077,14,D,1902.0,1892.0
1689,Tukafoolad.Inv.,20111228,1978.0,1880.0,1940.0,784710640,404456,59,D,1902.0,1978.0
1690,Tukafoolad.Inv.,20111231,2017.0,1970.0,2015.0,360115976,178728,33,D,1940.0,2017.0
1691,Tukafoolad.Inv.,20120101,2040.0,1970.0,2003.0,708911491,353997,59,D,2015.0,1981.0
1692,Tukafoolad.Inv.,20120102,2020.0,1931.0,1962.0,386418087,196965,31,D,2003.0,1970.0
1693,Tukafoolad.Inv.,20120103,2040.0,1962.0,2034.0,1203836120,591756,86,D,1962.0,2040.0
1694,Tukafoolad.Inv.,20120104,2103.0,1960.0,2076.0,1465467721,706006,137,D,2034.0,2060.0
1695,Tukafoolad.Inv.,20120107,2150.0,2028.0,2109.0,1811129903,858850,143,D,2076.0,2142.0
1696,Tukafoolad.Inv.,20120108,2150.0,2120.0,2130.0,796446161,373905,47,D,2109.0,2150.0
1697,Tukafoolad.Inv.,20120109,2215.0,2140.0,2185.0,1927441561,882219,116,D,2130.0,2215.0
1698,Tukafoolad.Inv.,20120110,2272.0,2264.0,2270.0,1450337040,638838,56,D,2185.0,2272.0
1699,Tukafoolad.Inv.,20120111,2355.0,2205.0,2309.0,2659517126,1151683,160,D,2270.0,2330.0
1700,Tukafoolad.Inv.,20120115,2349.0,2290.0,2314.0,3050568742,1318286,152,D,2309.0,2330.0
1701,Tukafoolad.Inv.,20120116,2372.0,2320.0,2346.0,2922408664,1245473,136,D,2314.0,2350.0
1702,Tukafoolad.Inv.,20120117,2364.0,2262.0,2300.0,1265772271,550317,83,D,2346.0,2262.0
1703,Tukafoolad.Inv.,20120118,2348.0,2220.0,2308.0,1463535173,634223,80,D,2300.0,2284.0
1704,Tukafoolad.Inv.,20120121,2358.0,2240.0,2272.0,677373930,298170,38,D,2308.0,2259.0
1705,Tukafoolad.Inv.,20120123,2220.0,2182.0,2191.0,556247240,253840,36,D,2272.0,2182.0
1706,Tukafoolad.Inv.,20120125,2182.0,2104.0,2113.0,1155371597,546768,88,D,2191.0,2111.0
1707,Tukafoolad.Inv.,20120128,2197.0,2179.0,2195.0,509155494,231982,35,D,2113.0,2197.0
1708,Tukafoolad.Inv.,20120129,2279.0,2170.0,2198.0,252833727,114891,31,D,2195.0,2170.0
1709,Tukafoolad.Inv.,20120130,2229.0,2120.0,2179.0,327145550,150678,31,D,2198.0,2182.0
1710,Tukafoolad.Inv.,20120131,2247.0,2125.0,2196.0,360907551,163970,31,D,2179.0,2125.0
1711,Tukafoolad.Inv.,20120201,2175.0,2109.0,2126.0,1215184694,571637,69,D,2196.0,2167.0
1712,Tukafoolad.Inv.,20120204,2184.0,2159.0,2170.0,659813130,304116,61,D,2126.0,2184.0
1713,Tukafoolad.Inv.,20120205,2210.0,2131.0,2182.0,968637788,443863,46,D,2170.0,2209.0
1714,Tukafoolad.Inv.,20120206,2269.0,2220.0,2249.0,948504562,421814,82,D,2182.0,2269.0
1715,Tukafoolad.Inv.,20120207,2338.0,2305.0,2335.0,908125017,388931,53,D,2249.0,2338.0
1716,Tukafoolad.Inv.,20120208,2401.0,2270.0,2342.0,2693737791,1149985,177,D,2335.0,2400.0
1717,Tukafoolad.Inv.,20120212,2435.0,2430.0,2435.0,1523225775,625565,85,D,2342.0,2435.0
1718,Tukafoolad.Inv.,20120213,2532.0,2450.0,2527.0,4747899639,1879045,151,D,2435.0,2517.0
1719,Tukafoolad.Inv.,20120214,2489.0,2426.0,2433.0,6462224043,2656331,285,D,2527.0,2450.0
1720,Tukafoolad.Inv.,20120221,2530.0,2530.0,2530.0,667669530,263901,22,D,2433.0,2530.0
1721,Tukafoolad.Inv.,20120222,2631.0,2631.0,2580.0,268372524,102004,15,D,2530.0,2631.0
1722,Tukafoolad.Inv.,20120225,2683.0,2683.0,2683.0,566295444,211068,24,D,2580.0,2683.0
1723,Tukafoolad.Inv.,20120226,2790.0,2790.0,2790.0,1395424080,500152,42,D,2683.0,2790.0
1724,Tukafoolad.Inv.,20120227,2901.0,2791.0,2890.0,19050250826,6592269,583,D,2790.0,2901.0
1725,Tukafoolad.Inv.,20120228,2930.0,2784.0,2835.0,3064318893,1080723,166,D,2890.0,2790.0
1726,Tukafoolad.Inv.,20120229,2920.0,2742.0,2869.0,4364410070,1520976,182,D,2835.0,2919.0
1727,Tukafoolad.Inv.,20120303,2983.0,2918.0,2967.0,2861708976,964553,101,D,2869.0,2983.0
1728,Tukafoolad.Inv.,20120304,3085.0,3080.0,3085.0,11860274275,3844558,326,D,2967.0,3085.0
1729,Tukafoolad.Inv.,20120305,3140.0,2972.0,2994.0,3098602720,1034973,189,D,3085.0,3007.0
1730,Tukafoolad.Inv.,20120306,3000.0,2875.0,2900.0,3282810200,1131938,118,D,2994.0,2875.0
1731,Tukafoolad.Inv.,20120307,3016.0,2920.0,3006.0,2750997581,915112,113,D,2900.0,3016.0
1732,Tukafoolad.Inv.,20120310,3126.0,3098.0,3125.0,4472951146,1431427,141,D,3006.0,3126.0
1733,Tukafoolad.Inv.,20120311,3201.0,3053.0,3123.0,2466983021,790062,107,D,3125.0,3072.0
1734,Tukafoolad.Inv.,20120312,3135.0,2999.0,3036.0,5379975974,1772304,158,D,3123.0,3090.0
1735,Tukafoolad.Inv.,20120313,3099.0,2951.0,3033.0,1152920322,380177,60,D,3036.0,3000.0
1736,Tukafoolad.Inv.,20120314,3154.0,2950.0,3141.0,2597864980,826985,80,D,3033.0,3154.0
1737,Tukafoolad.Inv.,20120317,3196.0,3021.0,3076.0,661408177,214990,45,D,3141.0,3021.0
1738,Tukafoolad.Inv.,20120318,3090.0,2969.0,3029.0,5097511755,1682792,138,D,3076.0,3028.0
1739,Tukafoolad.Inv.,20120324,3100.0,2931.0,3042.0,3760853564,1236180,151,D,3029.0,3041.0
1740,Tukafoolad.Inv.,20120325,3100.0,2980.0,3023.0,1145483580,378898,73,D,3042.0,2985.0
1741,Tukafoolad.Inv.,20120326,3031.0,2903.0,2910.0,2425282372,833310,120,D,3023.0,2903.0
1742,Tukafoolad.Inv.,20120327,2990.0,2898.0,2941.0,1223175646,415877,87,D,2910.0,2950.0
1743,Tukafoolad.Inv.,20120328,2999.0,2916.0,2941.0,498853810,169654,42,D,2941.0,2938.0
1744,Tukafoolad.Inv.,20120402,2935.0,2864.0,2901.0,944196794,325475,35,D,2941.0,2900.0
1745,Tukafoolad.Inv.,20120403,2926.0,2888.0,2910.0,906263839,311416,44,D,2901.0,2914.0
1746,Tukafoolad.Inv.,20120404,2970.0,2910.0,2950.0,1144386327,387976,44,D,2910.0,2910.0
1747,Tukafoolad.Inv.,20120407,2967.0,2910.0,2927.0,978814470,334448,57,D,2950.0,2930.0
1748,Tukafoolad.Inv.,20120408,3040.0,2888.0,2985.0,2978817106,997782,122,D,2927.0,2979.0
1749,Tukafoolad.Inv.,20120409,3025.0,2930.0,2974.0,1664705228,559673,70,D,2985.0,2930.0
1750,Tukafoolad.Inv.,20120410,3027.0,2930.0,2977.0,2633305215,884466,107,D,2974.0,2978.0
1751,Tukafoolad.Inv.,20120411,2998.0,2905.0,2963.0,1031801409,348213,72,D,2977.0,2951.0
1752,Tukafoolad.Inv.,20120414,2960.0,2885.0,2920.0,648296140,221998,44,D,2963.0,2930.0
1753,Tukafoolad.Inv.,20120415,2996.0,2805.0,2879.0,1589679172,552253,74,D,2920.0,2821.0
1754,Tukafoolad.Inv.,20120416,2858.0,2764.0,2794.0,705774996,252644,63,D,2879.0,2816.0
1755,Tukafoolad.Inv.,20120417,2900.0,2800.0,2860.0,679359801,237576,73,D,2794.0,2900.0
1756,Tukafoolad.Inv.,20120418,2974.0,2974.0,2974.0,1113572664,374436,45,D,2860.0,2974.0
1757,Tukafoolad.Inv.,20120421,3092.0,3092.0,3092.0,973933620,314985,23,D,2974.0,3092.0
1758,Tukafoolad.Inv.,20120422,3215.0,3136.0,3200.0,18165956166,5677551,686,D,3092.0,3196.0
1759,Tukafoolad.Inv.,20120423,3190.0,3072.0,3131.0,5036025785,1608201,246,D,3200.0,3138.0
1760,Tukafoolad.Inv.,20120424,3256.0,3100.0,3199.0,11062928073,3457936,369,D,3131.0,3180.0
1761,Tukafoolad.Inv.,20120428,3326.0,3223.0,3298.0,7582129696,2299054,461,D,3199.0,3250.0
1762,Tukafoolad.Inv.,20120429,3260.0,3167.0,3178.0,3410700471,1073059,166,D,3298.0,3167.0
1763,Tukafoolad.Inv.,20120430,3203.0,3070.0,3104.0,1572378218,506610,108,D,3178.0,3080.0
1764,Tukafoolad.Inv.,20120501,3099.0,2980.0,3011.0,1899250468,630828,97,D,3104.0,2980.0
1765,Tukafoolad.Inv.,20120502,3060.0,2915.0,2994.0,1567153822,523485,110,D,3011.0,2960.0
1766,Tukafoolad.Inv.,20120505,3049.0,2911.0,2934.0,1112528852,379137,92,D,2994.0,2911.0
1767,Tukafoolad.Inv.,20120506,2940.0,2832.0,2893.0,1110023328,383727,142,D,2934.0,2901.0
1768,Tukafoolad.Inv.,20120507,3008.0,2947.0,2985.0,601784234,201370,34,D,2893.0,3008.0
1769,Tukafoolad.Inv.,20120508,3083.0,2942.0,3047.0,2213928212,726631,150,D,2985.0,2942.0
1770,Tukafoolad.Inv.,20120509,3020.0,2926.0,2975.0,377330518,128775,50,D,3047.0,2926.0
1771,Tukafoolad.Inv.,20120512,2920.0,2856.0,2864.0,660078310,230493,64,D,2975.0,2856.0
1772,Tukafoolad.Inv.,20120513,2829.0,2750.0,2771.0,2015885955,727384,133,D,2864.0,2750.0
1773,Tukafoolad.Inv.,20120514,2800.0,2713.0,2762.0,531191633,192377,54,D,2771.0,2762.0
1774,Tukafoolad.Inv.,20120515,2820.0,2653.0,2718.0,886931780,326318,70,D,2762.0,2654.0
1775,Tukafoolad.Inv.,20120516,2715.0,2610.0,2621.0,2145536786,818550,111,D,2718.0,2666.0
1776,Tukafoolad.Inv.,20120519,2725.0,2689.0,2721.0,2161048853,794081,168,D,2621.0,2724.0
1777,Tukafoolad.Inv.,20120520,2790.0,2640.0,2729.0,1520417422,557229,101,D,2721.0,2681.0
1778,Tukafoolad.Inv.,20120521,2730.0,2653.0,2696.0,1133012213,420295,113,D,2729.0,2656.0
1779,Tukafoolad.Inv.,20120522,2731.0,2589.0,2618.0,2211971367,844799,173,D,2696.0,2606.0
1780,Tukafoolad.Inv.,20120523,2698.0,2592.0,2642.0,1104845074,418162,96,D,2618.0,2610.0
1781,Tukafoolad.Inv.,20120526,2639.0,2537.0,2551.0,471397636,185578,54,D,2642.0,2537.0
1782,Tukafoolad.Inv.,20120527,2551.0,2449.0,2482.0,1437578472,579298,191,D,2551.0,2451.0
1783,Tukafoolad.Inv.,20120528,2500.0,2383.0,2415.0,3625614316,1501328,172,D,2482.0,2383.0
1784,Tukafoolad.Inv.,20120529,2500.0,2382.0,2466.0,2169100418,879719,177,D,2415.0,2480.0
1785,Tukafoolad.Inv.,20120530,2537.0,2390.0,2442.0,930882018,381185,131,D,2466.0,2390.0
1786,Tukafoolad.Inv.,20120602,2479.0,2361.0,2415.0,327221650,136259,48,D,2442.0,2375.0
1787,Tukafoolad.Inv.,20120605,2399.0,2319.0,2331.0,1461995519,627283,109,D,2415.0,2319.0
1788,Tukafoolad.Inv.,20120606,2319.0,2250.0,2281.0,420985841,185103,60,D,2331.0,2251.0
1789,Tukafoolad.Inv.,20120609,2197.0,2190.0,2208.0,364950850,166630,25,D,2281.0,2190.0
1790,Tukafoolad.Inv.,20120610,2200.0,2120.0,2141.0,2315128553,1081452,137,D,2208.0,2199.0
1791,Tukafoolad.Inv.,20120611,2226.0,2200.0,2225.0,1547362624,695414,120,D,2141.0,2226.0
1792,Tukafoolad.Inv.,20120612,2297.0,2230.0,2249.0,924034610,410868,69,D,2225.0,2231.0
1793,Tukafoolad.Inv.,20120613,2248.0,2160.0,2179.0,1995056372,915669,133,D,2249.0,2160.0
1794,Tukafoolad.Inv.,20120616,2230.0,2160.0,2190.0,432573286,197497,37,D,2179.0,2160.0
1795,Tukafoolad.Inv.,20120702,2551.0,2420.0,2490.0,10772204741,4326872,400,D,2190.0,2432.0
1796,Tukafoolad.Inv.,20120703,2450.0,2391.0,2398.0,501311000,209050,31,D,2490.0,2391.0
1797,Tukafoolad.Inv.,20120704,2303.0,2303.0,2348.0,251029303,109001,13,D,2398.0,2303.0
1798,Tukafoolad.Inv.,20120707,2303.0,2255.0,2261.0,2944962457,1302610,181,D,2348.0,2255.0
1799,Tukafoolad.Inv.,20120708,2249.0,2171.0,2178.0,1054251600,484095,44,D,2261.0,2171.0
1800,Tukafoolad.Inv.,20120709,2168.0,2091.0,2100.0,1231145523,586317,119,D,2178.0,2130.0
1801,Tukafoolad.Inv.,20120710,2184.0,2092.0,2158.0,1387256199,642892,108,D,2100.0,2184.0
1802,Tukafoolad.Inv.,20120711,2244.0,2210.0,2239.0,824445056,368199,31,D,2158.0,2244.0
1803,Tukafoolad.Inv.,20120714,2328.0,2268.0,2321.0,1808412053,778987,134,D,2239.0,2328.0
1804,Tukafoolad.Inv.,20120715,2390.0,2229.0,2240.0,1337550500,597168,115,D,2321.0,2229.0
1805,Tukafoolad.Inv.,20120716,2268.0,2180.0,2216.0,952972882,430051,49,D,2240.0,2182.0
1806,Tukafoolad.Inv.,20120717,2217.0,2128.0,2169.0,288649410,134630,27,D,2216.0,2128.0
1807,Tukafoolad.Inv.,20120718,2200.0,2091.0,2155.0,736898003,341968,73,D,2169.0,2142.0
1808,Tukafoolad.Inv.,20120721,2240.0,2161.0,2190.0,607712468,277477,51,D,2155.0,2170.0
1809,Tukafoolad.Inv.,20120722,2223.0,2103.0,2120.0,1064120172,502035,80,D,2190.0,2103.0
1810,Tukafoolad.Inv.,20120723,2135.0,2072.0,2091.0,810602151,387591,89,D,2120.0,2078.0
1811,Tukafoolad.Inv.,20120724,2144.0,2088.0,2107.0,1671505424,793395,139,D,2091.0,2091.0
1812,Tukafoolad.Inv.,20120725,2120.0,2080.0,2108.0,656914639,311602,56,D,2107.0,2090.0
1813,Tukafoolad.Inv.,20120728,2120.0,2024.0,2036.0,1342065349,659036,139,D,2108.0,2024.0
1814,Tukafoolad.Inv.,20120729,2049.0,1955.0,2012.0,440474370,218938,37,D,2036.0,1955.0
1815,Tukafoolad.Inv.,20120730,1980.0,1932.0,1937.0,1729224959,892881,119,D,2012.0,1970.0
1816,Tukafoolad.Inv.,20120731,2000.0,1996.0,1951.0,96282330,48185,15,D,1937.0,1999.0
1817,Tukafoolad.Inv.,20120806,2013.0,1873.0,1877.0,639085420,340508,77,D,1951.0,1889.0
1818,Tukafoolad.Inv.,20120807,1853.0,1802.0,1813.0,1607021633,886271,104,D,1877.0,1802.0
1819,Tukafoolad.Inv.,20120808,1852.0,1741.0,1791.0,818297625,456781,82,D,1813.0,1827.0
1820,Tukafoolad.Inv.,20120811,1862.0,1858.0,1861.0,562869567,302443,40,D,1791.0,1862.0
1821,Tukafoolad.Inv.,20120812,1935.0,1868.0,1910.0,2335671626,1222581,142,D,1861.0,1929.0
1822,Tukafoolad.Inv.,20120813,1986.0,1883.0,1952.0,1225892929,628096,78,D,1910.0,1985.0
1823,Tukafoolad.Inv.,20120814,2030.0,1993.0,2029.0,1507308170,742924,93,D,1952.0,2030.0
1824,Tukafoolad.Inv.,20120815,2088.0,1990.0,2045.0,1008641687,493115,107,D,2029.0,2000.0
1825,Tukafoolad.Inv.,20120818,2030.0,1964.0,1966.0,447615344,227712,58,D,2045.0,1980.0
1826,Tukafoolad.Inv.,20120821,2030.0,1970.0,1977.0,181022746,90868,40,D,1966.0,2000.0
1827,Tukafoolad.Inv.,20120822,2025.0,1950.0,1974.0,309048400,156651,41,D,1977.0,1975.0
1828,Tukafoolad.Inv.,20120825,1959.0,1900.0,1923.0,322835421,168961,41,D,1974.0,1908.0
1829,Tukafoolad.Inv.,20120826,1930.0,1850.0,1905.0,531564590,279074,59,D,1923.0,1930.0
1830,Tukafoolad.Inv.,20120827,1938.0,1906.0,1917.0,209495452,108673,35,D,1905.0,1920.0
1831,Tukafoolad.Inv.,20120902,1949.0,1909.0,1925.0,913596876,474623,68,D,1917.0,1949.0
1832,Tukafoolad.Inv.,20120903,2002.0,1955.0,2000.0,2575106231,1287347,119,D,1925.0,2002.0
1833,Tukafoolad.Inv.,20120904,2080.0,2052.0,2079.0,2745508097,1320641,152,D,2000.0,2080.0
1834,Tukafoolad.Inv.,20120905,2160.0,2001.0,2149.0,16374878285,7618850,445,D,2079.0,2100.0
1835,Tukafoolad.Inv.,20120908,2150.0,2070.0,2102.0,1140171832,542403,89,D,2149.0,2085.0
1836,Tukafoolad.Inv.,20120909,2059.0,2018.0,2026.0,1264827577,624382,89,D,2102.0,2018.0
1837,Tukafoolad.Inv.,20120910,2080.0,1954.0,2060.0,968881724,470284,66,D,2026.0,2070.0
1838,Tukafoolad.Inv.,20120911,2142.0,2021.0,2122.0,2469308802,1163834,195,D,2060.0,2089.0
1839,Tukafoolad.Inv.,20120915,2206.0,2137.0,2184.0,2846313707,1302975,219,D,2122.0,2177.0
1840,Tukafoolad.Inv.,20120916,2250.0,2158.0,2191.0,1126955185,514431,112,D,2184.0,2190.0
1841,Tukafoolad.Inv.,20120917,2270.0,2181.0,2233.0,2172509789,972992,184,D,2191.0,2269.0
1842,Tukafoolad.Inv.,20120918,2322.0,2271.0,2321.0,1341093196,577870,87,D,2233.0,2322.0
1843,Tukafoolad.Inv.,20120919,2397.0,2300.0,2365.0,2427018295,1026415,182,D,2321.0,2300.0
1844,Tukafoolad.Inv.,20120922,2459.0,2315.0,2435.0,2449397602,1005773,141,D,2365.0,2459.0
1845,Tukafoolad.Inv.,20120923,2532.0,2340.0,2455.0,2597540233,1057871,195,D,2435.0,2427.0
1846,Tukafoolad.Inv.,20120924,2423.0,2357.0,2376.0,1431037199,602323,128,D,2455.0,2379.0
1847,Tukafoolad.Inv.,20120925,2400.0,2294.0,2329.0,2989316382,1283769,243,D,2376.0,2354.0
1848,Tukafoolad.Inv.,20120926,2422.0,2350.0,2409.0,4081361101,1693906,236,D,2329.0,2422.0
1849,Tukafoolad.Inv.,20120929,2505.0,2410.0,2503.0,4378051811,1749317,294,D,2409.0,2505.0
1850,Tukafoolad.Inv.,20120930,2603.0,2450.0,2571.0,6661845493,2590867,351,D,2503.0,2464.0
1851,Tukafoolad.Inv.,20121001,2476.0,2469.0,2512.0,297918884,120659,17,D,2571.0,2469.0
1852,Tukafoolad.Inv.,20121002,2500.0,2412.0,2433.0,4182471902,1719236,185,D,2512.0,2497.0
1853,Tukafoolad.Inv.,20121003,2530.0,2462.0,2521.0,6869613959,2724684,249,D,2433.0,2530.0
1854,Tukafoolad.Inv.,20121006,2500.0,2421.0,2435.0,819849930,336705,68,D,2521.0,2421.0
1855,Tukafoolad.Inv.,20121007,2480.0,2339.0,2356.0,866074785,367535,102,D,2435.0,2399.0
1856,Tukafoolad.Inv.,20121008,2450.0,2311.0,2430.0,2666260586,1097197,151,D,2356.0,2450.0
1857,Tukafoolad.Inv.,20121009,2490.0,2402.0,2432.0,717102448,294863,66,D,2430.0,2420.0
1858,Tukafoolad.Inv.,20121010,2439.0,2335.0,2354.0,556209595,236310,78,D,2432.0,2389.0
1859,Tukafoolad.Inv.,20121013,2350.0,2260.0,2266.0,513029045,226366,53,D,2354.0,2260.0
1860,Tukafoolad.Inv.,20121014,2339.0,2201.0,2279.0,1747287852,766612,132,D,2266.0,2324.0
1861,Tukafoolad.Inv.,20121015,2369.0,2227.0,2337.0,21043454764,9006029,175,D,2279.0,2300.0
1862,Tukafoolad.Inv.,20121016,2410.0,2244.0,2322.0,19367758562,8341923,642,D,2337.0,2280.0
1863,Tukafoolad.Inv.,20121024,2330.0,2228.0,2289.0,10215561835,4463481,561,D,1992.0,2330.0
1864,Tukafoolad.Inv.,20121027,2380.0,2350.0,2379.0,13994216294,5882326,594,D,2289.0,2380.0
1865,Tukafoolad.Inv.,20121028,2474.0,2340.0,2407.0,7050233967,2929439,596,D,2379.0,2355.0
1866,Tukafoolad.Inv.,20121029,2425.0,2320.0,2363.0,3159904277,1337470,215,D,2407.0,2350.0
1867,Tukafoolad.Inv.,20121030,2379.0,2269.0,2317.0,2017683898,870932,195,D,2363.0,2269.0
1868,Tukafoolad.Inv.,20121031,2280.0,2225.0,2237.0,1778478702,794987,211,D,2317.0,2255.0
1869,Tukafoolad.Inv.,20121104,2299.0,2202.0,2257.0,647391336,286825,92,D,2237.0,2250.0
1870,Tukafoolad.Inv.,20121105,2200.0,2167.0,2168.0,737566094,340132,52,D,2257.0,2167.0
1871,Tukafoolad.Inv.,20121106,2240.0,2110.0,2196.0,1576126859,717746,141,D,2168.0,2201.0
1872,Tukafoolad.Inv.,20121107,2275.0,2211.0,2245.0,1576466608,702091,151,D,2196.0,2270.0
1873,Tukafoolad.Inv.,20121110,2280.0,2156.0,2168.0,1836259670,847035,160,D,2245.0,2181.0
1874,Tukafoolad.Inv.,20121111,2217.0,2090.0,2110.0,818857458,388040,124,D,2168.0,2120.0
1875,Tukafoolad.Inv.,20121112,2130.0,2040.0,2090.0,2600840829,1244324,231,D,2110.0,2113.0
1876,Tukafoolad.Inv.,20121113,2173.0,2090.0,2165.0,1366703418,631393,115,D,2090.0,2173.0
1877,Tukafoolad.Inv.,20121114,2251.0,2170.0,2239.0,4309109341,1924789,221,D,2165.0,2190.0
1878,Tukafoolad.Inv.,20121117,2230.0,2156.0,2175.0,1127503493,518380,91,D,2239.0,2157.0
1879,Tukafoolad.Inv.,20121118,2170.0,2100.0,2138.0,552747895,258522,67,D,2175.0,2121.0
1880,Tukafoolad.Inv.,20121119,2150.0,2101.0,2111.0,509840820,241512,92,D,2138.0,2110.0
1881,Tukafoolad.Inv.,20121120,2135.0,2070.0,2106.0,1069072233,507678,106,D,2111.0,2110.0
1882,Tukafoolad.Inv.,20121121,2190.0,2090.0,2165.0,1481473487,684415,110,D,2106.0,2175.0
1883,Tukafoolad.Inv.,20121126,2210.0,2127.0,2183.0,1358296408,622282,127,D,2165.0,2170.0
1884,Tukafoolad.Inv.,20121127,2270.0,2133.0,2243.0,4366197634,1946742,242,D,2183.0,2250.0
1885,Tukafoolad.Inv.,20121128,2294.0,2210.0,2243.0,2267063981,1010510,161,D,2243.0,2277.0
1886,Tukafoolad.Inv.,20121201,2270.0,2185.0,2233.0,1665300658,745749,124,D,2243.0,2220.0
1887,Tukafoolad.Inv.,20121202,2322.0,2222.0,2299.0,3245279753,1411482,299,D,2233.0,2257.0
1888,Tukafoolad.Inv.,20121203,2310.0,2253.0,2286.0,1117232053,488831,92,D,2299.0,2267.0
1889,Tukafoolad.Inv.,20121204,2290.0,2225.0,2255.0,1227660729,544397,84,D,2286.0,2225.0
1890,Tukafoolad.Inv.,20121205,2340.0,2255.0,2306.0,2923770352,1267823,192,D,2255.0,2320.0
1891,Tukafoolad.Inv.,20121208,2398.0,2350.0,2389.0,5046231815,2112234,289,D,2306.0,2370.0
1892,Tukafoolad.Inv.,20121209,2448.0,2294.0,2380.0,5659363793,2378272,299,D,2389.0,2400.0
1893,Tukafoolad.Inv.,20121210,2449.0,2350.0,2375.0,1930763461,813055,135,D,2380.0,2380.0
1894,Tukafoolad.Inv.,20121211,2360.0,2332.0,2338.0,2678183625,1145642,147,D,2375.0,2340.0
1895,Tukafoolad.Inv.,20121212,2349.0,2282.0,2293.0,1175239846,512443,99,D,2338.0,2283.0
1896,Tukafoolad.Inv.,20121215,2310.0,2260.0,2291.0,314311843,137278,55,D,2293.0,2282.0
1897,Tukafoolad.Inv.,20121216,2350.0,2251.0,2308.0,1335286767,578438,109,D,2291.0,2330.0
1898,Tukafoolad.Inv.,20121217,2379.0,2320.0,2344.0,3653735803,1558550,210,D,2308.0,2328.0
1899,Tukafoolad.Inv.,20121218,2359.0,2270.0,2315.0,1536802369,663849,148,D,2344.0,2300.0
1900,Tukafoolad.Inv.,20121219,2338.0,2270.0,2307.0,2141456813,928290,143,D,2315.0,2271.0
1901,Tukafoolad.Inv.,20121222,2338.0,2250.0,2274.0,2886707106,1269682,177,D,2307.0,2300.0
1902,Tukafoolad.Inv.,20121223,2325.0,2270.0,2301.0,4567622334,1985239,246,D,2274.0,2283.0
1903,Tukafoolad.Inv.,20121224,2329.0,2240.0,2273.0,3053995149,1343409,172,D,2301.0,2240.0
1904,Tukafoolad.Inv.,20121225,2249.0,2183.0,2213.0,2061673470,931472,168,D,2273.0,2210.0
1905,Tukafoolad.Inv.,20121226,2230.0,2190.0,2206.0,1329332856,602506,109,D,2213.0,2230.0
1906,Tukafoolad.Inv.,20121229,2294.0,2230.0,2278.0,1641656561,720568,116,D,2206.0,2294.0
1907,Tukafoolad.Inv.,20121230,2349.0,2256.0,2303.0,3588935067,1558537,248,D,2278.0,2314.0
1908,Tukafoolad.Inv.,20121231,2390.0,2308.0,2345.0,3157407605,1346271,217,D,2303.0,2330.0
1909,Tukafoolad.Inv.,20130101,2350.0,2254.0,2297.0,2300039448,1001382,139,D,2345.0,2297.0
1910,Tukafoolad.Inv.,20130102,2300.0,2209.0,2228.0,1483219032,665865,107,D,2297.0,2250.0
1911,Tukafoolad.Inv.,20130106,2223.0,2180.0,2204.0,355146700,161658,61,D,2228.0,2185.0
1912,Tukafoolad.Inv.,20130107,2245.0,2180.0,2200.0,1516103352,689101,147,D,2204.0,2245.0
1913,Tukafoolad.Inv.,20130108,2288.0,2220.0,2280.0,2087154269,915343,112,D,2200.0,2270.0
1914,Tukafoolad.Inv.,20130109,2284.0,2250.0,2260.0,510602994,225967,58,D,2280.0,2252.0
1915,Tukafoolad.Inv.,20130113,2288.0,2210.0,2230.0,579670966,259944,50,D,2260.0,2215.0
1916,Tukafoolad.Inv.,20130114,2300.0,2201.0,2258.0,1932097978,855593,132,D,2230.0,2230.0
1917,Tukafoolad.Inv.,20130115,2250.0,2168.0,2192.0,1229941220,561084,132,D,2258.0,2188.0
1918,Tukafoolad.Inv.,20130116,2233.0,2160.0,2174.0,1056665422,486108,88,D,2192.0,2160.0
1919,Tukafoolad.Inv.,20130119,2158.0,2108.0,2126.0,680561802,320060,88,D,2174.0,2130.0
1920,Tukafoolad.Inv.,20130120,2149.0,2090.0,2104.0,1088261433,517310,82,D,2126.0,2116.0
1921,Tukafoolad.Inv.,20130121,2170.0,2121.0,2137.0,741346114,346843,66,D,2104.0,2140.0
1922,Tukafoolad.Inv.,20130122,2159.0,2052.0,2095.0,1478923780,706087,140,D,2137.0,2056.0
1923,Tukafoolad.Inv.,20130123,2160.0,2122.0,2133.0,362192456,169079,50,D,2095.0,2151.0
1924,Tukafoolad.Inv.,20130126,2170.0,2060.0,2126.0,1011148826,475566,89,D,2133.0,2160.0
1925,Tukafoolad.Inv.,20130127,2211.0,2100.0,2195.0,4773201101,2174324,217,D,2126.0,2211.0
1926,Tukafoolad.Inv.,20130128,2260.0,2108.0,2121.0,989979750,466757,80,D,2195.0,2111.0
1927,Tukafoolad.Inv.,20130130,2150.0,2087.0,2105.0,935663875,444450,47,D,2121.0,2100.0
1928,Tukafoolad.Inv.,20130202,2169.0,2090.0,2102.0,195646753,93199,38,D,2105.0,2100.0
1929,Tukafoolad.Inv.,20130203,2145.0,2070.0,2098.0,426916178,203515,50,D,2102.0,2090.0
1930,Tukafoolad.Inv.,20130204,2080.0,2016.0,2069.0,272463697,132721,44,D,2098.0,2065.0
1931,Tukafoolad.Inv.,20130205,2090.0,2020.0,2042.0,737725695,361314,61,D,2069.0,2040.0
1932,Tukafoolad.Inv.,20130206,2123.0,2003.0,2117.0,1214735876,573812,108,D,2042.0,2123.0
1933,Tukafoolad.Inv.,20130209,2149.0,2100.0,2124.0,2020334308,951256,107,D,2117.0,2149.0
1934,Tukafoolad.Inv.,20130211,2161.0,2100.0,2117.0,1387003620,655210,68,D,2124.0,2100.0
1935,Tukafoolad.Inv.,20130212,2169.0,2100.0,2131.0,2107510494,988796,109,D,2117.0,2100.0
1936,Tukafoolad.Inv.,20130213,2118.0,2072.0,2091.0,409318762,196017,44,D,2131.0,2099.0
1937,Tukafoolad.Inv.,20130216,2100.0,2040.0,2075.0,742437034,357852,70,D,2091.0,2040.0
1938,Tukafoolad.Inv.,20130217,2100.0,2043.0,2074.0,536103303,258539,46,D,2075.0,2100.0
1939,Tukafoolad.Inv.,20130218,2111.0,2082.0,2091.0,274868310,130807,41,D,2074.0,2104.0
1940,Tukafoolad.Inv.,20130219,2144.0,2073.0,2113.0,537569303,254380,58,D,2091.0,2073.0
1941,Tukafoolad.Inv.,20130220,2120.0,2087.0,2096.0,604667664,288530,70,D,2113.0,2089.0
1942,Tukafoolad.Inv.,20130223,2094.0,2020.0,2054.0,472969954,230303,58,D,2096.0,2020.0
1943,Tukafoolad.Inv.,20130224,2049.0,1980.0,2010.0,522552181,260009,65,D,2054.0,2000.0
1944,Tukafoolad.Inv.,20130225,1990.0,1965.0,1994.0,201934217,102152,37,D,2010.0,1972.0
1945,Tukafoolad.Inv.,20130226,2010.0,1960.0,1992.0,671160720,336963,70,D,1994.0,1981.0
1946,Tukafoolad.Inv.,20130227,2025.0,1950.0,1995.0,1564940948,784432,164,D,1992.0,1995.0
1947,Tukafoolad.Inv.,20130302,2038.0,1950.0,1995.0,1164887384,583875,115,D,1995.0,1990.0
1948,Tukafoolad.Inv.,20130303,2020.0,1940.0,1972.0,239224503,122261,42,D,1995.0,1950.0
1949,Tukafoolad.Inv.,20130304,2022.0,1921.0,1967.0,876450468,445474,83,D,1972.0,2020.0
1950,Tukafoolad.Inv.,20130305,2029.0,1980.0,1986.0,293229676,147100,46,D,1967.0,2017.0
1951,Tukafoolad.Inv.,20130306,2017.0,1986.0,1990.0,116393604,58161,38,D,1986.0,2017.0
1952,Tukafoolad.Inv.,20130309,2000.0,1923.0,1962.0,341484721,174501,56,D,1990.0,1974.0
1953,Tukafoolad.Inv.,20130310,1971.0,1900.0,1933.0,514671523,266189,81,D,1962.0,1929.0
1954,Tukafoolad.Inv.,20130311,1955.0,1910.0,1924.0,315836425,164324,45,D,1933.0,1915.0
1955,Tukafoolad.Inv.,20130312,1939.0,1886.0,1916.0,236342635,123684,50,D,1924.0,1919.0
1956,Tukafoolad.Inv.,20130313,1992.0,1910.0,1973.0,719346864,364666,81,D,1916.0,1992.0
1957,Tukafoolad.Inv.,20130316,2025.0,1960.0,1987.0,555345473,279463,48,D,1973.0,1999.0
1958,Tukafoolad.Inv.,20130317,1999.0,1920.0,1985.0,40467250,20525,12,D,1987.0,1920.0
1959,Tukafoolad.Inv.,20130318,2050.0,1952.0,2048.0,13448959870,6566506,77,D,1985.0,2027.0
1960,Tukafoolad.Inv.,20130325,2129.0,2050.0,2123.0,2025434297,953865,138,D,2048.0,2129.0
1961,Tukafoolad.Inv.,20130326,2180.0,2048.0,2107.0,729958306,346446,111,D,2123.0,2108.0
1962,Tukafoolad.Inv.,20130327,2125.0,2033.0,2057.0,407845422,198505,52,D,2107.0,2041.0
1963,Tukafoolad.Inv.,20130330,2041.0,1980.0,2042.0,128203722,63843,39,D,2057.0,2020.0
1964,Tukafoolad.Inv.,20130331,2085.0,2040.0,2068.0,432842377,209268,59,D,2042.0,2085.0
1965,Tukafoolad.Inv.,20130403,2120.0,2050.0,2085.0,224083615,106671,31,D,2068.0,2091.0
1966,Tukafoolad.Inv.,20130406,2151.0,2120.0,2142.0,498869272,232852,83,D,2085.0,2132.0
1967,Tukafoolad.Inv.,20130407,2117.0,2070.0,2115.0,269517160,128478,43,D,2142.0,2073.0
1968,Tukafoolad.Inv.,20130408,2085.0,2040.0,2078.0,259420579,126265,60,D,2115.0,2040.0
1969,Tukafoolad.Inv.,20130409,2098.0,2023.0,2047.0,789145186,385557,73,D,2078.0,2023.0
1970,Tukafoolad.Inv.,20130410,2013.0,1981.0,2017.0,291766881,145616,61,D,2047.0,1981.0
1971,Tukafoolad.Inv.,20130413,2000.0,1943.0,1970.0,502334539,254997,59,D,2017.0,1979.0
1972,Tukafoolad.Inv.,20130415,2020.0,1930.0,1982.0,379723613,191523,80,D,1970.0,1999.0
1973,Tukafoolad.Inv.,20130416,2019.0,1970.0,1990.0,561290198,282034,86,D,1982.0,1980.0
1974,Tukafoolad.Inv.,20130417,1979.0,1911.0,1929.0,1019201962,528400,113,D,1990.0,1911.0
1975,Tukafoolad.Inv.,20130420,1970.0,1861.0,1896.0,686084947,361806,96,D,1929.0,1899.0
1976,Tukafoolad.Inv.,20130421,1951.0,1860.0,1891.0,846436596,447598,93,D,1896.0,1865.0
1977,Tukafoolad.Inv.,20130422,1940.0,1880.0,1918.0,515495413,268705,84,D,1891.0,1937.0
1978,Tukafoolad.Inv.,20130423,1994.0,1901.0,1959.0,1770271903,903784,198,D,1918.0,1994.0
1979,Tukafoolad.Inv.,20130424,2029.0,1950.0,1981.0,986945624,498205,118,D,1959.0,1969.0
1980,Tukafoolad.Inv.,20130427,2060.0,2000.0,2052.0,698533930,340499,52,D,1981.0,2060.0
1981,Tukafoolad.Inv.,20130428,2134.0,2134.0,2134.0,809159450,379175,42,D,2052.0,2134.0
1982,Tukafoolad.Inv.,20130429,2219.0,2219.0,2219.0,8691250498,3916742,304,D,2134.0,2219.0
1983,Tukafoolad.Inv.,20130430,2307.0,2220.0,2289.0,10756296429,4698723,541,D,2219.0,2290.0
1984,Tukafoolad.Inv.,20130501,2343.0,2220.0,2288.0,4828802593,2110071,285,D,2289.0,2290.0
1985,Tukafoolad.Inv.,20130504,2379.0,2225.0,2368.0,9378598921,3960247,346,D,2288.0,2379.0
1986,Tukafoolad.Inv.,20130505,2450.0,2274.0,2309.0,2097744193,908605,144,D,2368.0,2340.0
1987,Tukafoolad.Inv.,20130506,2328.0,2251.0,2300.0,2804126706,1219148,237,D,2309.0,2302.0
1988,Tukafoolad.Inv.,20130507,2310.0,2220.0,2276.0,1519152527,667468,78,D,2300.0,2290.0
1989,Tukafoolad.Inv.,20130508,2270.0,2206.0,2234.0,319660622,144265,37,D,2276.0,2208.0
1990,Tukafoolad.Inv.,20130511,2323.0,2151.0,2277.0,1143394354,502222,98,D,2234.0,2240.0
1991,Tukafoolad.Inv.,20130512,2360.0,2190.0,2267.0,963441133,424944,81,D,2277.0,2201.0
1992,Tukafoolad.Inv.,20130513,2295.0,2177.0,2207.0,758013382,343437,60,D,2267.0,2177.0
1993,Tukafoolad.Inv.,20130514,2180.0,2119.0,2120.0,1188164312,560341,45,D,2207.0,2119.0
1994,Tukafoolad.Inv.,20130515,2182.0,2080.0,2121.0,1251736994,590088,93,D,2120.0,2180.0
1995,Tukafoolad.Inv.,20130518,2150.0,2038.0,2090.0,247351098,119624,39,D,2121.0,2095.0
1996,Tukafoolad.Inv.,20130519,2102.0,2091.0,2093.0,174821327,83325,21,D,2090.0,2100.0
1997,Tukafoolad.Inv.,20130521,2250.0,2160.0,2212.0,632815260,286137,64,D,2093.0,2189.0
1998,Tukafoolad.Inv.,20130522,2230.0,2124.0,2171.0,690085148,317849,71,D,2212.0,2228.0
1999,Tukafoolad.Inv.,20130525,2257.0,2154.0,2251.0,871471058,387202,54,D,2171.0,2257.0
2000,Tukafoolad.Inv.,20130526,2341.0,2206.0,2324.0,2756694959,1186005,174,D,2251.0,2280.0
2001,Tukafoolad.Inv.,20130527,2321.0,2236.0,2261.0,831209487,367572,103,D,2324.0,2250.0
2002,Tukafoolad.Inv.,20130528,2300.0,2207.0,2262.0,2146405344,948761,179,D,2261.0,2300.0
2003,Tukafoolad.Inv.,20130529,2352.0,2252.0,2346.0,5861460905,2499012,443,D,2262.0,2352.0
2004,Tukafoolad.Inv.,20130601,2438.0,2368.0,2406.0,3559914827,1479301,256,D,2346.0,2437.0
2005,Tukafoolad.Inv.,20130602,2435.0,2380.0,2404.0,2888909214,1201918,195,D,2406.0,2400.0
2006,Tukafoolad.Inv.,20130603,2420.0,2350.0,2376.0,1911798550,804605,149,D,2404.0,2360.0
2007,Tukafoolad.Inv.,20130608,2418.0,2317.0,2396.0,1932430052,806547,89,D,2376.0,2409.0
2008,Tukafoolad.Inv.,20130609,2429.0,2340.0,2399.0,1062831208,443094,82,D,2396.0,2341.0
2009,Tukafoolad.Inv.,20130610,2470.0,2380.0,2432.0,1672335773,687580,104,D,2399.0,2470.0
2010,Tukafoolad.Inv.,20130611,2529.0,2432.0,2495.0,2172394624,870648,112,D,2432.0,2529.0
2011,Tukafoolad.Inv.,20130612,2594.0,2560.0,2594.0,10473108488,4037576,287,D,2495.0,2594.0
2012,Tukafoolad.Inv.,20130615,2697.0,2697.0,2696.0,552844545,204985,15,D,2594.0,2697.0
2013,Tukafoolad.Inv.,20130616,2803.0,2765.0,2802.0,8115582604,2896018,258,D,2696.0,2803.0
2014,Tukafoolad.Inv.,20130617,2914.0,2811.0,2895.0,8289205751,2862816,306,D,2802.0,2914.0
2015,Tukafoolad.Inv.,20130618,2947.0,2780.0,2824.0,4179679708,1480051,261,D,2895.0,2788.0
2016,Tukafoolad.Inv.,20130619,2839.0,2712.0,2747.0,3707217267,1349516,179,D,2824.0,2825.0
2017,Tukafoolad.Inv.,20130622,2825.0,2701.0,2769.0,1550245549,559823,88,D,2747.0,2780.0
2018,Tukafoolad.Inv.,20130623,2810.0,2697.0,2708.0,697564637,257629,69,D,2769.0,2702.0
2019,Tukafoolad.Inv.,20130625,2816.0,2699.0,2782.0,1041221024,374250,66,D,2708.0,2816.0
2020,Tukafoolad.Inv.,20130626,2893.0,2802.0,2891.0,6942187487,2401440,516,D,2782.0,2893.0
2021,Tukafoolad.Inv.,20130629,3006.0,2911.0,2984.0,5936850745,1989347,226,D,2891.0,2942.0
2022,Tukafoolad.Inv.,20130630,3103.0,2988.0,3089.0,4775069605,1545796,226,D,2984.0,3102.0
2023,Tukafoolad.Inv.,20130701,3120.0,2966.0,3028.0,9060302675,2991842,284,D,3089.0,3070.0
2024,Tukafoolad.Inv.,20130702,3100.0,3000.0,3029.0,7150156725,2360454,206,D,3028.0,3057.0
2025,Tukafoolad.Inv.,20130703,3150.0,3011.0,3143.0,4173446754,1327714,149,D,3029.0,3150.0
2026,Tukafoolad.Inv.,20130706,3268.0,3268.0,3268.0,2644553836,809227,66,D,3143.0,3268.0
2027,Tukafoolad.Inv.,20130707,3398.0,3138.0,3342.0,11786138024,3526527,287,D,3268.0,3350.0
2028,Tukafoolad.Inv.,20130708,3282.0,3209.0,3221.0,2724668271,846017,100,D,3342.0,3209.0
2029,Tukafoolad.Inv.,20130709,3250.0,3093.0,3119.0,2065402813,662105,106,D,3221.0,3093.0
2030,Tukafoolad.Inv.,20130710,3230.0,2995.0,3108.0,1798688580,578787,82,D,3119.0,3003.0
2031,Tukafoolad.Inv.,20130713,3189.0,2985.0,3072.0,1260787292,410478,84,D,3108.0,3145.0
2032,Tukafoolad.Inv.,20130714,3000.0,2950.0,2951.0,688108918,233144,52,D,3072.0,2950.0
2033,Tukafoolad.Inv.,20130722,3031.0,2955.0,3029.0,1132724000,374000,19,D,2951.0,2955.0
2034,Tukafoolad.Inv.,20130723,3090.0,2908.0,2929.0,1153250541,393676,63,D,3029.0,2908.0
2035,Tukafoolad.Inv.,20130724,2920.0,2823.0,2866.0,1157785643,403923,69,D,2929.0,2871.0
2036,Tukafoolad.Inv.,20130727,2965.0,2839.0,2922.0,1855458662,635078,117,D,2866.0,2940.0
2037,Tukafoolad.Inv.,20130728,3038.0,2923.0,3001.0,2086623283,695213,149,D,2922.0,3000.0
2038,Tukafoolad.Inv.,20130729,3060.0,2910.0,2980.0,1980366733,664521,161,D,3001.0,2960.0
2039,Tukafoolad.Inv.,20130731,3000.0,2885.0,2943.0,1246013937,423316,102,D,2980.0,2900.0
2040,Tukafoolad.Inv.,20130803,2980.0,2826.0,2829.0,3433820551,1213647,182,D,2943.0,2830.0
2041,Tukafoolad.Inv.,20130804,2878.0,2716.0,2782.0,2235359008,803573,128,D,2829.0,2770.0
2042,Tukafoolad.Inv.,20130805,2820.0,2671.0,2720.0,1294179788,475860,100,D,2782.0,2700.0
2043,Tukafoolad.Inv.,20130806,2800.0,2700.0,2770.0,1931766635,697302,166,D,2720.0,2750.0
2044,Tukafoolad.Inv.,20130807,2875.0,2750.0,2828.0,1081026363,382281,136,D,2770.0,2809.0
2045,Tukafoolad.Inv.,20130811,2923.0,2752.0,2882.0,2292189936,795418,147,D,2828.0,2752.0
2046,Tukafoolad.Inv.,20130812,2994.0,2831.0,2896.0,2029448168,700892,173,D,2882.0,2870.0
2047,Tukafoolad.Inv.,20130813,2935.0,2781.0,2818.0,2422683246,859806,170,D,2896.0,2781.0
2048,Tukafoolad.Inv.,20130814,2930.0,2819.0,2924.0,5889245505,2014290,138,D,2818.0,2930.0
2049,Tukafoolad.Inv.,20130817,3040.0,3040.0,3022.0,532556320,175183,34,D,2924.0,3040.0
2050,Tukafoolad.Inv.,20130818,3142.0,3003.0,3139.0,12226618715,3894805,408,D,3022.0,3142.0
2051,Tukafoolad.Inv.,20130819,3264.0,3210.0,3256.0,6220125681,1910263,293,D,3139.0,3264.0
2052,Tukafoolad.Inv.,20130820,3386.0,3386.0,3341.0,462321054,136539,60,D,3256.0,3386.0
2053,Tukafoolad.Inv.,20130821,3474.0,3407.0,3474.0,12589493801,3624252,381,D,3341.0,3474.0
2054,Tukafoolad.Inv.,20130824,3612.0,3420.0,3592.0,6768799187,1884396,306,D,3474.0,3612.0
2055,Tukafoolad.Inv.,20130914,3735.0,3735.0,3735.0,897374835,240261,18,D,3592.0,3735.0
2056,Tukafoolad.Inv.,20130915,3884.0,3884.0,3884.0,2427946660,625115,38,D,3735.0,3884.0
2057,Tukafoolad.Inv.,20130916,4039.0,4039.0,3899.0,82730837,20483,8,D,3884.0,4039.0
2058,Tukafoolad.Inv.,20130917,4054.0,4054.0,3931.0,171723386,42359,12,D,3899.0,4054.0
2059,Tukafoolad.Inv.,20130918,4088.0,4088.0,4088.0,954789192,233559,18,D,3931.0,4088.0
2060,Tukafoolad.Inv.,20130921,4251.0,4251.0,4251.0,7271803110,1710610,150,D,4088.0,4251.0
2061,Tukafoolad.Inv.,20130922,4421.0,4252.0,4419.0,10536325545,2384184,298,D,4251.0,4421.0
2062,Tukafoolad.Inv.,20130923,4595.0,4595.0,4595.0,956233285,208103,21,D,4419.0,4595.0
2063,Tukafoolad.Inv.,20130924,4778.0,4778.0,4778.0,1039888698,217641,11,D,4595.0,4778.0
2064,Tukafoolad.Inv.,20130925,4969.0,4969.0,4969.0,1158835397,233213,18,D,4778.0,4969.0
2065,Tukafoolad.Inv.,20130928,5167.0,5167.0,5167.0,1402623486,271458,27,D,4969.0,5167.0
2066,Tukafoolad.Inv.,20130929,5373.0,5274.0,5371.0,23364817667,4349950,386,D,5167.0,5373.0
2067,Tukafoolad.Inv.,20130930,5499.0,5157.0,5312.0,25279710261,4758823,614,D,5371.0,5199.0
2068,Tukafoolad.Inv.,20131001,5524.0,5281.0,5447.0,11437586530,2099695,320,D,5312.0,5369.0
2069,Tukafoolad.Inv.,20131002,5664.0,5300.0,5532.0,21284250619,3847719,506,D,5447.0,5447.0
2070,Tukafoolad.Inv.,20131005,5460.0,5311.0,5339.0,18884973979,3537226,600,D,5532.0,5410.0
2071,Tukafoolad.Inv.,20131006,5552.0,5500.0,5550.0,13139523277,2367500,317,D,5339.0,5552.0
2072,Tukafoolad.Inv.,20131007,5772.0,5770.0,5772.0,6089570328,1055024,179,D,5550.0,5772.0
2073,Tukafoolad.Inv.,20131008,6002.0,5700.0,5963.0,26980002757,4524459,702,D,5772.0,6002.0
2074,Tukafoolad.Inv.,20131009,6140.0,5727.0,5935.0,16266116637,2740508,623,D,5963.0,5860.0
2075,Tukafoolad.Inv.,20131012,6100.0,5711.0,5950.0,28461149588,4783671,553,D,5935.0,6070.0
2076,Tukafoolad.Inv.,20131013,6001.0,5712.0,5829.0,11055687550,1896543,305,D,5950.0,5790.0
2077,Tukafoolad.Inv.,20131014,5955.0,5596.0,5815.0,5780801910,994042,209,D,5829.0,5700.0
2078,Tukafoolad.Inv.,20131015,5890.0,5600.0,5764.0,9121722325,1582634,240,D,5815.0,5710.0
2079,Tukafoolad.Inv.,20131019,5820.0,5534.0,5663.0,9204895859,1625463,348,D,5764.0,5534.0
2080,Tukafoolad.Inv.,20131027,5450.0,5055.0,5270.0,4653443575,882953,151,D,5263.0,5355.0
2081,Tukafoolad.Inv.,20131028,5478.0,5250.0,5404.0,2186914683,404668,83,D,5270.0,5468.0
2082,Tukafoolad.Inv.,20131029,5620.0,5400.0,5600.0,4354247527,777479,158,D,5404.0,5620.0
2083,Tukafoolad.Inv.,20131030,5818.0,5556.0,5712.0,2956617364,517637,106,D,5600.0,5780.0
2084,Tukafoolad.Inv.,20131102,5897.0,5484.0,5659.0,2521374109,445514,103,D,5712.0,5484.0
2085,Tukafoolad.Inv.,20131103,5700.0,5433.0,5569.0,4026566752,723046,130,D,5659.0,5444.0
2086,Tukafoolad.Inv.,20131104,5600.0,5370.0,5482.0,2811560147,512870,95,D,5569.0,5413.0
2087,Tukafoolad.Inv.,20131105,5553.0,5263.0,5293.0,1407053894,265856,111,D,5482.0,5266.0
2088,Tukafoolad.Inv.,20131106,5504.0,5263.0,5490.0,2791436210,508503,117,D,5293.0,5504.0
2089,Tukafoolad.Inv.,20131109,5709.0,5558.0,5703.0,2095670192,367498,76,D,5490.0,5709.0
2090,Tukafoolad.Inv.,20131110,5931.0,5706.0,5928.0,6061718817,1022539,222,D,5703.0,5931.0
2091,Tukafoolad.Inv.,20131111,6165.0,6163.0,6165.0,3251790410,527474,94,D,5928.0,6165.0
2092,Tukafoolad.Inv.,20131112,6411.0,6409.0,6411.0,4959488604,773594,119,D,6165.0,6411.0
2093,Tukafoolad.Inv.,20131116,6667.0,6667.0,6667.0,2772198603,415809,62,D,6411.0,6667.0
2094,Tukafoolad.Inv.,20131117,6850.0,6503.0,6701.0,3667513732,547324,217,D,6667.0,6600.0
2095,Tukafoolad.Inv.,20131118,6700.0,6433.0,6456.0,6601588191,1022529,219,D,6701.0,6493.0
2096,Tukafoolad.Inv.,20131119,6714.0,6300.0,6514.0,7330301179,1125372,230,D,6456.0,6714.0
2097,Tukafoolad.Inv.,20131120,6774.0,6774.0,6774.0,1431515550,211325,28,D,6514.0,6774.0
2098,Tukafoolad.Inv.,20131123,7044.0,7044.0,7044.0,1602495912,227498,21,D,6774.0,7044.0
2099,Tukafoolad.Inv.,20131124,7325.0,7325.0,7325.0,3539388725,483193,36,D,7044.0,7325.0
2100,Tukafoolad.Inv.,20131125,7618.0,7618.0,7618.0,4009261984,526288,56,D,7325.0,7618.0
2101,Tukafoolad.Inv.,20131126,7922.0,7660.0,7915.0,15516478232,1960460,195,D,7618.0,7922.0
2102,Tukafoolad.Inv.,20131127,8231.0,8231.0,8231.0,1878347124,228204,37,D,7915.0,8231.0
2103,Tukafoolad.Inv.,20131130,8560.0,7902.0,8386.0,15598374965,1860032,512,D,8231.0,8002.0
2104,Tukafoolad.Inv.,20131201,8178.0,8051.0,8066.0,3250809201,403038,111,D,8386.0,8051.0
2105,Tukafoolad.Inv.,20131202,8040.0,7744.0,7793.0,10117084308,1298221,293,D,8066.0,7768.0
2106,Tukafoolad.Inv.,20131203,8104.0,7811.0,8031.0,7853948449,977902,236,D,7793.0,8104.0
2107,Tukafoolad.Inv.,20131204,8280.0,7710.0,8053.0,4617688058,573418,175,D,8031.0,8099.0
2108,Tukafoolad.Inv.,20131207,8291.0,7850.0,8015.0,2864744811,357437,130,D,8053.0,7900.0
2109,Tukafoolad.Inv.,20131208,8100.0,7695.0,7725.0,3785423354,490012,191,D,8015.0,7899.0
2110,Tukafoolad.Inv.,20131209,8034.0,8034.0,8034.0,16831213932,2094998,255,D,7725.0,8034.0
2111,Tukafoolad.Inv.,20131210,8200.0,7713.0,7776.0,10160503893,1306666,454,D,8034.0,7720.0
2112,Tukafoolad.Inv.,20131211,8068.0,7515.0,7938.0,6554531419,825669,281,D,7776.0,7960.0
2113,Tukafoolad.Inv.,20131214,8031.0,7630.0,7885.0,3606370954,457374,161,D,7938.0,7950.0
2114,Tukafoolad.Inv.,20131215,8023.0,7885.0,7942.0,6603496771,831516,276,D,7885.0,7931.0
2115,Tukafoolad.Inv.,20131216,8099.0,7951.0,8012.0,8429365749,1052105,228,D,7942.0,8020.0
2116,Tukafoolad.Inv.,20131217,8095.0,7800.0,7949.0,4763826415,599330,174,D,8012.0,7801.0
2117,Tukafoolad.Inv.,20131218,7972.0,7728.0,7825.0,3580865744,457619,162,D,7949.0,7821.0
2118,Tukafoolad.Inv.,20131221,8138.0,7782.0,8048.0,16914413890,2101660,541,D,7825.0,8100.0
2119,Tukafoolad.Inv.,20131222,8369.0,8369.0,8369.0,14411451476,1722004,318,D,8048.0,8369.0
2120,Tukafoolad.Inv.,20131230,5813.0,5590.0,5628.0,25568447289,4542832,233,D,4001.0,5813.0
2121,Tukafoolad.Inv.,20140101,5853.0,5853.0,5853.0,1240238994,211898,15,D,5628.0,5853.0
2122,Tukafoolad.Inv.,20140104,6087.0,6087.0,6087.0,1273479531,209213,26,D,5853.0,6087.0
2123,Tukafoolad.Inv.,20140105,6330.0,6330.0,6330.0,3625431540,572738,52,D,6087.0,6330.0
2124,Tukafoolad.Inv.,20140106,6583.0,6088.0,6534.0,75320022896,11527704,1329,D,6330.0,6582.0
2125,Tukafoolad.Inv.,20140107,6590.0,6273.0,6451.0,13074686333,2026918,326,D,6534.0,6400.0
2126,Tukafoolad.Inv.,20140108,6275.0,6193.0,6194.0,7475778589,1207035,283,D,6451.0,6193.0
2127,Tukafoolad.Inv.,20140111,6060.0,5947.0,5972.0,4012521782,671848,222,D,6194.0,5947.0
2128,Tukafoolad.Inv.,20140112,5734.0,5734.0,5918.0,268660836,46854,18,D,5972.0,5734.0
2129,Tukafoolad.Inv.,20140113,6000.0,5682.0,5721.0,7605695237,1329320,282,D,5918.0,5683.0
2130,Tukafoolad.Inv.,20140114,5740.0,5493.0,5595.0,3018000841,539378,138,D,5721.0,5493.0
2131,Tukafoolad.Inv.,20140115,5400.0,5372.0,5475.0,602547032,112154,37,D,5595.0,5372.0
2132,Tukafoolad.Inv.,20140118,5500.0,5256.0,5281.0,4160886128,787939,154,D,5475.0,5350.0
2133,Tukafoolad.Inv.,20140120,5355.0,5070.0,5153.0,732587420,143761,42,D,5281.0,5070.0
2134,Tukafoolad.Inv.,20140121,5240.0,4947.0,5010.0,6756893456,1348609,173,D,5153.0,5000.0
2135,Tukafoolad.Inv.,20140122,4901.0,4810.0,4981.0,151311740,31412,10,D,5010.0,4810.0
2136,Tukafoolad.Inv.,20140125,5140.0,4782.0,4799.0,2348192806,489341,81,D,4981.0,4782.0
2137,Tukafoolad.Inv.,20140126,4799.0,4608.0,4626.0,1567796180,338913,83,D,4799.0,4608.0
2138,Tukafoolad.Inv.,20140127,4441.0,4441.0,4618.0,37957227,8547,3,D,4626.0,4441.0
2139,Tukafoolad.Inv.,20140128,4777.0,4434.0,4462.0,2040526371,457279,138,D,4618.0,4569.0
2140,Tukafoolad.Inv.,20140129,4640.0,4284.0,4572.0,4960862260,1084948,254,D,4462.0,4640.0
2141,Tukafoolad.Inv.,20140201,4754.0,4688.0,4751.0,3632355700,764564,132,D,4572.0,4754.0
2142,Tukafoolad.Inv.,20140202,4900.0,4561.0,4701.0,2174314716,462526,113,D,4751.0,4561.0
2143,Tukafoolad.Inv.,20140203,4599.0,4513.0,4576.0,636477328,140929,34,D,4701.0,4550.0
2144,Tukafoolad.Inv.,20140204,4629.0,4393.0,4500.0,1593735503,354171,69,D,4576.0,4393.0
2145,Tukafoolad.Inv.,20140205,4320.0,4320.0,4477.0,113832000,26350,10,D,4500.0,4320.0
2146,Tukafoolad.Inv.,20140208,4298.0,4298.0,4474.0,14183400,3300,2,D,4477.0,4298.0
2147,Tukafoolad.Inv.,20140209,4296.0,4296.0,4296.0,929585664,216384,31,D,4474.0,4296.0
2148,Tukafoolad.Inv.,20140210,4160.0,4125.0,4125.0,2463747710,597200,80,D,4296.0,4125.0
2149,Tukafoolad.Inv.,20140212,3960.0,3960.0,3960.0,840751560,212311,11,D,4125.0,3960.0
2150,Tukafoolad.Inv.,20140215,3802.0,3802.0,3802.0,1582046418,416109,56,D,3960.0,3802.0
2151,Tukafoolad.Inv.,20140216,3954.0,3652.0,3819.0,768554178,201188,55,D,3802.0,3954.0
2152,Tukafoolad.Inv.,20140217,3971.0,3954.0,3971.0,2852785719,718435,100,D,3819.0,3971.0
2153,Tukafoolad.Inv.,20140218,4112.0,3821.0,3953.0,1092458516,276360,87,D,3971.0,3953.0
2154,Tukafoolad.Inv.,20140219,4111.0,3952.0,4074.0,1803268515,442641,98,D,3953.0,4111.0
2155,Tukafoolad.Inv.,20140222,4236.0,4236.0,4236.0,1341774180,316755,46,D,4074.0,4236.0
2156,Tukafoolad.Inv.,20140223,4405.0,4100.0,4366.0,2559185204,586137,141,D,4236.0,4333.0
2157,Tukafoolad.Inv.,20140224,4330.0,4192.0,4247.0,639972297,152271,40,D,4366.0,4192.0
2158,Tukafoolad.Inv.,20140225,4078.0,4078.0,4205.0,210767352,51684,15,D,4247.0,4078.0
2159,Tukafoolad.Inv.,20140226,4037.0,4037.0,4165.0,197889703,49019,8,D,4205.0,4037.0
2160,Tukafoolad.Inv.,20140301,4043.0,3999.0,4006.0,854767113,213371,53,D,4165.0,3999.0
2161,Tukafoolad.Inv.,20140302,4000.0,3846.0,3847.0,971545510,252552,50,D,4006.0,3846.0
2162,Tukafoolad.Inv.,20140303,3694.0,3694.0,3831.0,79546596,21534,9,D,3847.0,3694.0
2163,Tukafoolad.Inv.,20140304,3678.0,3678.0,3678.0,1194356940,324730,60,D,3831.0,3678.0
2164,Tukafoolad.Inv.,20140305,3760.0,3531.0,3571.0,1193103432,334124,84,D,3678.0,3571.0
2165,Tukafoolad.Inv.,20140308,3601.0,3429.0,3493.0,583046015,167813,60,D,3571.0,3430.0
2166,Tukafoolad.Inv.,20140309,3354.0,3354.0,3354.0,1257263670,374855,41,D,3493.0,3354.0
2167,Tukafoolad.Inv.,20140310,3370.0,3220.0,3327.0,4224767020,1269895,51,D,3354.0,3354.0
2168,Tukafoolad.Inv.,20140311,3251.0,3194.0,3222.0,535394351,167518,43,D,3327.0,3194.0
2169,Tukafoolad.Inv.,20140312,3299.0,3094.0,3192.0,278314906,88306,28,D,3222.0,3299.0
2170,Tukafoolad.Inv.,20140315,3319.0,3300.0,3318.0,3493981351,1053130,37,D,3192.0,3319.0
2171,Tukafoolad.Inv.,20140316,3450.0,3370.0,3371.0,3393522100,1006818,25,D,3318.0,3450.0
2172,Tukafoolad.Inv.,20140317,3505.0,3505.0,3505.0,754276000,215200,29,D,3371.0,3505.0
2173,Tukafoolad.Inv.,20140318,3645.0,3645.0,3645.0,1177899975,323155,104,D,3505.0,3645.0
2174,Tukafoolad.Inv.,20140319,3790.0,3790.0,3790.0,9490861150,2504185,165,D,3645.0,3790.0
2175,Tukafoolad.Inv.,20140325,3941.0,3639.0,3778.0,344030722,91457,38,D,3790.0,3730.0
2176,Tukafoolad.Inv.,20140326,3650.0,3627.0,3729.0,271719601,74640,23,D,3778.0,3634.0
2177,Tukafoolad.Inv.,20140329,3800.0,3580.0,3691.0,400974858,109656,38,D,3729.0,3585.0
2178,Tukafoolad.Inv.,20140330,3798.0,3544.0,3696.0,304051839,82087,48,D,3691.0,3700.0
2179,Tukafoolad.Inv.,20140331,3789.0,3630.0,3674.0,890531616,242362,66,D,3696.0,3699.0
2180,Tukafoolad.Inv.,20140405,3793.0,3585.0,3664.0,268501931,73621,28,D,3674.0,3700.0
2181,Tukafoolad.Inv.,20140406,3810.0,3600.0,3783.0,2140205784,565739,121,D,3664.0,3810.0
2182,Tukafoolad.Inv.,20140407,3934.0,3780.0,3924.0,2449943696,624309,109,D,3783.0,3934.0
2183,Tukafoolad.Inv.,20140408,4080.0,3850.0,4018.0,2128979334,529890,138,D,3924.0,3881.0
2184,Tukafoolad.Inv.,20140409,4115.0,3858.0,3982.0,1489186552,374001,101,D,4018.0,3858.0
2185,Tukafoolad.Inv.,20140412,4040.0,3823.0,3859.0,615997412,161114,35,D,3982.0,3823.0
2186,Tukafoolad.Inv.,20140413,3705.0,3705.0,3705.0,1017996915,274763,25,D,3859.0,3705.0
2187,Tukafoolad.Inv.,20140414,3557.0,3557.0,3646.0,293452500,82500,23,D,3705.0,3557.0
2188,Tukafoolad.Inv.,20140415,3720.0,3501.0,3527.0,1025330943,290740,82,D,3646.0,3501.0
2189,Tukafoolad.Inv.,20140416,3668.0,3410.0,3629.0,880133130,242496,46,D,3527.0,3617.0
2190,Tukafoolad.Inv.,20140419,3620.0,3484.0,3549.0,423660248,121346,32,D,3629.0,3484.0
2191,Tukafoolad.Inv.,20140420,3630.0,3460.0,3537.0,265169705,75431,45,D,3549.0,3470.0
2192,Tukafoolad.Inv.,20140421,3649.0,3470.0,3577.0,605959627,168970,95,D,3537.0,3649.0
2193,Tukafoolad.Inv.,20140422,3710.0,3600.0,3621.0,1057834383,292105,82,D,3577.0,3610.0
2194,Tukafoolad.Inv.,20140423,3765.0,3482.0,3711.0,1498049841,403691,69,D,3621.0,3765.0
2195,Tukafoolad.Inv.,20140426,3859.0,3859.0,3854.0,775508499,200961,26,D,3711.0,3859.0
2196,Tukafoolad.Inv.,20140427,4008.0,4007.0,4008.0,10666565552,2661319,268,D,3854.0,4008.0
2197,Tukafoolad.Inv.,20140428,4168.0,4168.0,4168.0,866944000,208000,47,D,4008.0,4168.0
2198,Tukafoolad.Inv.,20140429,4334.0,4100.0,4312.0,7841672286,1818617,265,D,4168.0,4290.0
2199,Tukafoolad.Inv.,20140430,4484.0,4201.0,4417.0,2636223499,596805,155,D,4312.0,4484.0
2200,Tukafoolad.Inv.,20140503,4593.0,4314.0,4562.0,4982670499,1092178,233,D,4417.0,4550.0
2201,Tukafoolad.Inv.,20140504,4700.0,4451.0,4558.0,3996753884,876863,203,D,4562.0,4451.0
2202,Tukafoolad.Inv.,20140505,4727.0,4515.0,4618.0,1753681022,379764,125,D,4558.0,4610.0
2203,Tukafoolad.Inv.,20140506,4726.0,4505.0,4559.0,1825618172,400415,120,D,4618.0,4530.0
2204,Tukafoolad.Inv.,20140507,4695.0,4500.0,4648.0,3845222189,827354,156,D,4559.0,4620.0
2205,Tukafoolad.Inv.,20140510,4833.0,4790.0,4833.0,15698905480,3248574,422,D,4648.0,4833.0
2206,Tukafoolad.Inv.,20140511,4910.0,4640.0,4787.0,3432829958,717066,185,D,4833.0,4790.0
2207,Tukafoolad.Inv.,20140512,4790.0,4596.0,4632.0,4480839449,967311,153,D,4787.0,4790.0
2208,Tukafoolad.Inv.,20140514,4810.0,4600.0,4715.0,1808482175,383572,106,D,4632.0,4770.0
2209,Tukafoolad.Inv.,20140517,4779.0,4527.0,4578.0,3303575372,721679,147,D,4715.0,4527.0
2210,Tukafoolad.Inv.,20140524,4850.0,4650.0,4808.0,5729496403,1191630,146,D,4578.0,4650.0
2211,Tukafoolad.Inv.,20140525,4790.0,4616.0,4700.0,4333500926,922044,162,D,4808.0,4656.0
2212,Tukafoolad.Inv.,20140526,4880.0,4550.0,4844.0,4952639080,1022521,227,D,4700.0,4841.0
2213,Tukafoolad.Inv.,20140528,4830.0,4700.0,4746.0,2137136261,450281,101,D,4844.0,4768.0
2214,Tukafoolad.Inv.,20140531,4750.0,4611.0,4655.0,1316278196,282744,67,D,4746.0,4611.0
2215,Tukafoolad.Inv.,20140601,4700.0,4469.0,4544.0,2197293893,483604,122,D,4655.0,4700.0
2216,Tukafoolad.Inv.,20140602,4714.0,4550.0,4649.0,1072568258,230692,47,D,4544.0,4650.0
2217,Tukafoolad.Inv.,20140603,4739.0,4560.0,4610.0,881929505,191441,62,D,4649.0,4600.0
2218,Tukafoolad.Inv.,20140607,4794.0,4699.0,4774.0,4337945912,908653,136,D,4610.0,4790.0
2219,Tukafoolad.Inv.,20140610,4849.0,4656.0,4710.0,1308041220,277698,52,D,4774.0,4670.0
2220,Tukafoolad.Inv.,20140611,4830.0,4522.0,4711.0,460351693,97684,36,D,4710.0,4730.0
2221,Tukafoolad.Inv.,20140614,4600.0,4523.0,4535.0,2963554744,653428,71,D,4711.0,4523.0
2222,Tukafoolad.Inv.,20140615,4600.0,4354.0,4414.0,698290166,159547,45,D,4535.0,4354.0
2223,Tukafoolad.Inv.,20140616,4499.0,4238.0,4254.0,6776195464,1592784,137,D,4414.0,4388.0
2224,Tukafoolad.Inv.,20140617,4410.0,4152.0,4264.0,76382062,17476,14,D,4254.0,4329.0
2225,Tukafoolad.Inv.,20140618,4434.0,4162.0,4353.0,760514759,174018,40,D,4264.0,4434.0
2226,Tukafoolad.Inv.,20140621,4527.0,4450.0,4525.0,1087759585,240385,43,D,4353.0,4527.0
2227,Tukafoolad.Inv.,20140622,4706.0,4694.0,4706.0,2549159082,541697,65,D,4525.0,4706.0
2228,Tukafoolad.Inv.,20140623,4798.0,4519.0,4627.0,630466008,137469,49,D,4706.0,4600.0
2229,Tukafoolad.Inv.,20140624,4550.0,4442.0,4587.0,631424298,140690,48,D,4627.0,4500.0
2230,Tukafoolad.Inv.,20140625,4650.0,4405.0,4564.0,279309725,63325,24,D,4587.0,4405.0
2231,Tukafoolad.Inv.,20140628,4382.0,4382.0,4516.0,560834652,127986,26,D,4564.0,4382.0
2232,Tukafoolad.Inv.,20140629,4500.0,4336.0,4493.0,473336008,107290,28,D,4516.0,4336.0
2233,Tukafoolad.Inv.,20140706,4672.0,4589.0,4659.0,2643276465,567386,113,D,4493.0,4672.0
2234,Tukafoolad.Inv.,20140707,4770.0,4521.0,4634.0,1269812073,275149,71,D,4659.0,4770.0
2235,Tukafoolad.Inv.,20140708,4819.0,4600.0,4786.0,2040662036,424315,68,D,4634.0,4819.0
2236,Tukafoolad.Inv.,20140709,4977.0,4898.0,4976.0,8693195551,1746892,209,D,4786.0,4977.0
2237,Tukafoolad.Inv.,20140712,5175.0,5050.0,5135.0,2765131642,538445,85,D,4976.0,5175.0
2238,Tukafoolad.Inv.,20140713,5333.0,4930.0,5093.0,6324462067,1241790,233,D,5135.0,5010.0
2239,Tukafoolad.Inv.,20140714,5150.0,4900.0,5084.0,2335166199,459356,108,D,5093.0,5000.0
2240,Tukafoolad.Inv.,20140715,5100.0,4921.0,5060.0,1441506241,285832,75,D,5084.0,4952.0
2241,Tukafoolad.Inv.,20140716,5262.0,5050.0,5207.0,9099511601,1747499,225,D,5060.0,5262.0
2242,Tukafoolad.Inv.,20140720,5375.0,5150.0,5254.0,4771776902,908242,189,D,5207.0,5326.0
2243,Tukafoolad.Inv.,20140721,5464.0,5330.0,5450.0,3777373955,693131,190,D,5254.0,5462.0
2244,Tukafoolad.Inv.,20140722,5637.0,5380.0,5526.0,2607433075,471614,153,D,5450.0,5637.0
2245,Tukafoolad.Inv.,20140723,5630.0,5400.0,5540.0,4665985309,842177,162,D,5526.0,5501.0
2246,Tukafoolad.Inv.,20140726,5598.0,5330.0,5492.0,1118276916,206044,70,D,5540.0,5460.0
2247,Tukafoolad.Inv.,20140727,5580.0,5281.0,5442.0,1012720401,188825,87,D,5492.0,5310.0
2248,Tukafoolad.Inv.,20140728,5552.0,5251.0,5444.0,413382274,75738,33,D,5442.0,5499.0
2249,Tukafoolad.Inv.,20140802,5372.0,5227.0,5390.0,712081018,135625,74,D,5444.0,5227.0
2250,Tukafoolad.Inv.,20140803,5176.0,5175.0,5359.0,361933975,69937,27,D,5390.0,5175.0
2251,Tukafoolad.Inv.,20140804,5190.0,5145.0,5149.0,2640824913,512903,140,D,5359.0,5145.0
2252,Tukafoolad.Inv.,20140805,5279.0,5056.0,5146.0,217384238,42539,35,D,5149.0,5081.0
2253,Tukafoolad.Inv.,20140806,5057.0,4952.0,5099.0,807148177,161324,63,D,5146.0,5000.0
2254,Tukafoolad.Inv.,20140809,5050.0,4896.0,4970.0,3583375321,721058,168,D,5099.0,5030.0
2255,Tukafoolad.Inv.,20140810,5155.0,5050.0,5059.0,1789743990,351407,191,D,4970.0,5155.0
2256,Tukafoolad.Inv.,20140811,5245.0,5160.0,5110.0,884079380,169826,99,D,5059.0,5220.0
2257,Tukafoolad.Inv.,20140812,5299.0,5190.0,5226.0,2533936418,484802,156,D,5110.0,5299.0
2258,Tukafoolad.Inv.,20140813,5430.0,5200.0,5372.0,11686212292,2175246,251,D,5226.0,5400.0
2259,Tukafoolad.Inv.,20140816,5390.0,5158.0,5289.0,1440003830,275636,107,D,5372.0,5158.0
2260,Tukafoolad.Inv.,20140817,5190.0,5078.0,5133.0,2840752524,553457,125,D,5289.0,5092.0
2261,Tukafoolad.Inv.,20140818,5149.0,4930.0,5061.0,1198265780,240259,90,D,5133.0,5030.0
2262,Tukafoolad.Inv.,20140819,5118.0,4900.0,5037.0,681211854,136931,77,D,5061.0,4999.0
2263,Tukafoolad.Inv.,20140820,5037.0,4857.0,4965.0,2737388564,551343,189,D,5037.0,4969.0
2264,Tukafoolad.Inv.,20140823,5118.0,4907.0,4980.0,2644745677,531026,124,D,4965.0,4920.0
2265,Tukafoolad.Inv.,20140824,4990.0,4894.0,4974.0,670899476,135343,80,D,4980.0,4949.0
2266,Tukafoolad.Inv.,20140825,5010.0,4886.0,4960.0,1003652073,203180,83,D,4974.0,4902.0
2267,Tukafoolad.Inv.,20140826,5101.0,4900.0,5003.0,1203367294,238387,110,D,4960.0,5088.0
2268,Tukafoolad.Inv.,20140827,5117.0,5000.0,5040.0,1539479360,304123,136,D,5003.0,5000.0
2269,Tukafoolad.Inv.,20140830,5000.0,4851.0,4985.0,807831518,165646,87,D,5040.0,4885.0
2270,Tukafoolad.Inv.,20140831,4886.0,4786.0,4841.0,1741967286,363524,135,D,4985.0,4786.0
2271,Tukafoolad.Inv.,20140901,4786.0,4648.0,4701.0,1671309078,359317,104,D,4841.0,4648.0
2272,Tukafoolad.Inv.,20140902,4599.0,4513.0,4534.0,3121702519,688549,252,D,4701.0,4568.0
2273,Tukafoolad.Inv.,20140903,4698.0,4460.0,4588.0,1690807319,367083,178,D,4534.0,4670.0
2274,Tukafoolad.Inv.,20140906,4698.0,4501.0,4601.0,1343770038,291472,123,D,4588.0,4509.0
2275,Tukafoolad.Inv.,20140907,4599.0,4451.0,4577.0,537943618,119438,65,D,4601.0,4537.0
2276,Tukafoolad.Inv.,20140908,4587.0,4401.0,4469.0,1770146053,398250,138,D,4577.0,4404.0
2277,Tukafoolad.Inv.,20140909,4490.0,4360.0,4448.0,1145399229,258581,110,D,4469.0,4469.0
2278,Tukafoolad.Inv.,20140910,4400.0,4271.0,4360.0,1141260349,266260,118,D,4448.0,4271.0
2279,Tukafoolad.Inv.,20140913,4188.0,4186.0,4338.0,264431686,63166,39,D,4360.0,4186.0
2280,Tukafoolad.Inv.,20140914,4165.0,4165.0,4332.0,71338120,17128,13,D,4338.0,4165.0
2281,Tukafoolad.Inv.,20140915,4330.0,4159.0,4202.0,1738328553,415922,115,D,4332.0,4330.0
2282,Tukafoolad.Inv.,20140916,4350.0,4220.0,4283.0,3523717221,822791,303,D,4202.0,4298.0
2283,Tukafoolad.Inv.,20140917,4290.0,4180.0,4253.0,773567900,184052,125,D,4283.0,4190.0
2284,Tukafoolad.Inv.,20140920,4253.0,4083.0,4175.0,1053645341,256675,111,D,4253.0,4083.0
2285,Tukafoolad.Inv.,20140921,4331.0,4011.0,4223.0,5298376571,1254767,321,D,4175.0,4331.0
2286,Tukafoolad.Inv.,20140922,4379.0,4210.0,4338.0,4531662737,1044721,289,D,4223.0,4290.0
2287,Tukafoolad.Inv.,20140923,4348.0,4165.0,4261.0,1293708482,306921,151,D,4338.0,4168.0
2288,Tukafoolad.Inv.,20140924,4200.0,4091.0,4129.0,1796064570,436659,163,D,4261.0,4100.0
2289,Tukafoolad.Inv.,20140927,4189.0,4040.0,4130.0,884120964,214026,98,D,4129.0,4165.0
2290,Tukafoolad.Inv.,20140928,4244.0,4120.0,4163.0,1612182731,386422,126,D,4130.0,4130.0
2291,Tukafoolad.Inv.,20140929,4240.0,4130.0,4191.0,1994283734,475710,197,D,4163.0,4180.0
2292,Tukafoolad.Inv.,20140930,4190.0,4076.0,4165.0,755051397,183137,58,D,4191.0,4106.0
2293,Tukafoolad.Inv.,20141001,4169.0,4073.0,4139.0,840929421,205003,68,D,4165.0,4081.0
2294,Tukafoolad.Inv.,20141004,4150.0,4081.0,4131.0,450281288,109760,70,D,4139.0,4095.0
2295,Tukafoolad.Inv.,20141006,4105.0,4030.0,4080.0,1783065173,437658,166,D,4131.0,4069.0
2296,Tukafoolad.Inv.,20141007,4050.0,3920.0,3941.0,5409835265,1372619,415,D,4080.0,3921.0
2297,Tukafoolad.Inv.,20141020,4380.0,4170.0,4282.0,12838821238,2998172,547,D,3691.0,4204.0
2298,Tukafoolad.Inv.,20141021,4453.0,4170.0,4414.0,20376203789,4616739,703,D,4282.0,4398.0
2299,Tukafoolad.Inv.,20141022,4484.0,4300.0,4429.0,4356485629,983654,232,D,4414.0,4449.0
2300,Tukafoolad.Inv.,20141025,4515.0,4300.0,4396.0,3725153743,847490,166,D,4429.0,4391.0
2301,Tukafoolad.Inv.,20141026,4400.0,4254.0,4356.0,2176161544,499538,107,D,4396.0,4331.0
2302,Tukafoolad.Inv.,20141027,4389.0,4203.0,4275.0,4779376697,1118003,185,D,4356.0,4222.0
2303,Tukafoolad.Inv.,20141028,4339.0,4202.0,4292.0,1812970519,422108,80,D,4275.0,4330.0
2304,Tukafoolad.Inv.,20141029,4437.0,4260.0,4350.0,3725948196,856599,161,D,4292.0,4270.0
2305,Tukafoolad.Inv.,20141101,4524.0,4360.0,4512.0,13710436517,3038816,396,D,4350.0,4524.0
2306,Tukafoolad.Inv.,20141102,4692.0,4450.0,4610.0,7225124738,1567244,273,D,4512.0,4692.0
2307,Tukafoolad.Inv.,20141105,4794.0,4750.0,4793.0,3933369120,820647,83,D,4610.0,4794.0
2308,Tukafoolad.Inv.,20141108,4984.0,4800.0,4955.0,13720283680,2768880,491,D,4793.0,4850.0
2309,Tukafoolad.Inv.,20141109,4920.0,4761.0,4825.0,5350588665,1108973,232,D,4955.0,4877.0
2310,Tukafoolad.Inv.,20141110,4919.0,4750.0,4812.0,2805484880,583035,182,D,4825.0,4900.0
2311,Tukafoolad.Inv.,20141111,5004.0,4780.0,4977.0,5948799368,1195360,293,D,4812.0,4973.0
2312,Tukafoolad.Inv.,20141112,5144.0,4890.0,5016.0,5127528808,1022194,307,D,4977.0,4890.0
2313,Tukafoolad.Inv.,20141115,4980.0,4816.0,4837.0,6824225432,1410844,319,D,5016.0,4900.0
2314,Tukafoolad.Inv.,20141116,4960.0,4770.0,4834.0,3438206292,711222,203,D,4837.0,4800.0
2315,Tukafoolad.Inv.,20141117,4945.0,4771.0,4839.0,4307342844,890077,168,D,4834.0,4842.0
2316,Tukafoolad.Inv.,20141118,4839.0,4660.0,4729.0,3876503566,819740,176,D,4839.0,4700.0
2317,Tukafoolad.Inv.,20141119,4918.0,4600.0,4904.0,10353078629,2110969,363,D,4729.0,4909.0
2318,Tukafoolad.Inv.,20141122,5000.0,4800.0,4928.0,3889778978,789347,203,D,4904.0,4928.0
2319,Tukafoolad.Inv.,20141123,5075.0,4857.0,5013.0,2957249627,589916,186,D,4928.0,5024.0
2320,Tukafoolad.Inv.,20141124,5210.0,4954.0,5090.0,8787562012,1726512,309,D,5013.0,5001.0
2321,Tukafoolad.Inv.,20141125,4950.0,4887.0,4891.0,5470699085,1118561,207,D,5090.0,4887.0
2322,Tukafoolad.Inv.,20141126,5086.0,5060.0,5084.0,28799147454,5664924,811,D,4891.0,5086.0
2323,Tukafoolad.Inv.,20141129,5190.0,4881.0,5006.0,9659904854,1929667,485,D,5084.0,4881.0
2324,Tukafoolad.Inv.,20141130,4850.0,4806.0,4809.0,3201872006,665771,79,D,5006.0,4806.0
2325,Tukafoolad.Inv.,20141215,2013.0,1933.0,2002.0,778803620,389080,38,D,2011.0,1933.0
2326,Tukafoolad.Inv.,20141216,1922.0,1922.0,1991.0,126359968,65744,7,D,2002.0,1922.0
2327,Tukafoolad.Inv.,20141217,1912.0,1912.0,1975.0,190876872,99831,12,D,1991.0,1912.0
2328,Tukafoolad.Inv.,20141220,1896.0,1896.0,1961.0,159899160,84335,17,D,1975.0,1896.0
2329,Tukafoolad.Inv.,20141222,1977.0,1883.0,1915.0,5075051625,2649729,435,D,1961.0,1908.0
2330,Tukafoolad.Inv.,20141224,1974.0,1850.0,1909.0,1225198777,641732,158,D,1915.0,1850.0
2331,Tukafoolad.Inv.,20141227,1937.0,1833.0,1847.0,758933454,413388,126,D,1909.0,1833.0
2332,Tukafoolad.Inv.,20141228,1893.0,1780.0,1829.0,1145487245,626184,145,D,1847.0,1830.0
2333,Tukafoolad.Inv.,20141229,1830.0,1760.0,1786.0,777065380,436269,96,D,1829.0,1782.0
2334,Tukafoolad.Inv.,20141230,1800.0,1742.0,1780.0,535594576,301515,83,D,1786.0,1742.0
2335,Tukafoolad.Inv.,20141231,1745.0,1709.0,1710.0,1614298389,944032,176,D,1780.0,1714.0
2336,Tukafoolad.Inv.,20150103,1778.0,1682.0,1774.0,9430974487,5316815,467,D,1710.0,1778.0
2337,Tukafoolad.Inv.,20150104,1844.0,1810.0,1838.0,5013066044,2727688,345,D,1774.0,1830.0
2338,Tukafoolad.Inv.,20150105,1840.0,1765.0,1769.0,1204803327,681122,110,D,1838.0,1765.0
2339,Tukafoolad.Inv.,20150106,1705.0,1699.0,1731.0,454267442,267222,52,D,1769.0,1699.0
2340,Tukafoolad.Inv.,20150107,1700.0,1662.0,1663.0,1933246990,1162470,159,D,1731.0,1662.0
2341,Tukafoolad.Inv.,20150110,1680.0,1597.0,1615.0,583522173,364973,43,D,1663.0,1597.0
2342,Tukafoolad.Inv.,20150111,1600.0,1551.0,1555.0,2360854327,1518214,198,D,1615.0,1600.0
2343,Tukafoolad.Inv.,20150112,1617.0,1549.0,1616.0,2540863874,1572391,152,D,1555.0,1617.0
2344,Tukafoolad.Inv.,20150113,1679.0,1552.0,1598.0,1700969672,1064742,144,D,1616.0,1600.0
2345,Tukafoolad.Inv.,20150114,1630.0,1535.0,1556.0,875443004,562553,88,D,1598.0,1538.0
2346,Tukafoolad.Inv.,20150117,1600.0,1526.0,1552.0,468384085,302154,74,D,1556.0,1540.0
2347,Tukafoolad.Inv.,20150118,1560.0,1490.0,1501.0,703680336,469455,103,D,1552.0,1490.0
2348,Tukafoolad.Inv.,20150119,1451.0,1441.0,1482.0,227316282,157526,34,D,1501.0,1441.0
2349,Tukafoolad.Inv.,20150120,1470.0,1423.0,1426.0,1324719970,928898,100,D,1482.0,1423.0
2350,Tukafoolad.Inv.,20150121,1375.0,1369.0,1386.0,491590617,358538,74,D,1426.0,1369.0
2351,Tukafoolad.Inv.,20150124,1399.0,1331.0,1353.0,413873580,310243,58,D,1386.0,1331.0
2352,Tukafoolad.Inv.,20150125,1403.0,1321.0,1351.0,961877135,711903,110,D,1353.0,1352.0
2353,Tukafoolad.Inv.,20150126,1374.0,1297.0,1301.0,1243516298,955519,95,D,1351.0,1297.0
2354,Tukafoolad.Inv.,20150127,1335.0,1253.0,1303.0,968222865,742805,106,D,1301.0,1324.0
2355,Tukafoolad.Inv.,20150128,1355.0,1330.0,1349.0,625321737,462786,56,D,1303.0,1355.0
2356,Tukafoolad.Inv.,20150131,1402.0,1370.0,1394.0,679244966,487249,66,D,1349.0,1402.0
2357,Tukafoolad.Inv.,20150201,1439.0,1356.0,1402.0,600201130,427891,111,D,1394.0,1400.0
2358,Tukafoolad.Inv.,20150202,1428.0,1380.0,1404.0,393254251,279943,42,D,1402.0,1390.0
2359,Tukafoolad.Inv.,20150203,1443.0,1349.0,1369.0,1083810421,791608,120,D,1404.0,1354.0
2360,Tukafoolad.Inv.,20150204,1423.0,1350.0,1416.0,1925252691,1359433,164,D,1369.0,1402.0
2361,Tukafoolad.Inv.,20150207,1467.0,1380.0,1405.0,1671054922,1189541,145,D,1416.0,1386.0
2362,Tukafoolad.Inv.,20150208,1458.0,1349.0,1358.0,929082961,684089,97,D,1405.0,1352.0
2363,Tukafoolad.Inv.,20150209,1349.0,1304.0,1309.0,1709318553,1306285,108,D,1358.0,1304.0
2364,Tukafoolad.Inv.,20150210,1330.0,1260.0,1285.0,1296554313,1009000,105,D,1309.0,1324.0
2365,Tukafoolad.Inv.,20150214,1336.0,1312.0,1335.0,1747198517,1309201,213,D,1285.0,1336.0
2366,Tukafoolad.Inv.,20150215,1380.0,1330.0,1350.0,425870577,313373,66,D,1335.0,1360.0
2367,Tukafoolad.Inv.,20150216,1404.0,1376.0,1402.0,1986044546,1416170,118,D,1350.0,1404.0
2368,Tukafoolad.Inv.,20150217,1458.0,1457.0,1458.0,6199383209,4251978,283,D,1402.0,1458.0
2369,Tukafoolad.Inv.,20150218,1495.0,1411.0,1472.0,2152078210,1461548,292,D,1458.0,1420.0
2370,Tukafoolad.Inv.,20150221,1530.0,1426.0,1516.0,2476607934,1634153,207,D,1472.0,1530.0
2371,Tukafoolad.Inv.,20150222,1572.0,1480.0,1534.0,1572112985,1024670,153,D,1516.0,1490.0
2372,Tukafoolad.Inv.,20150223,1530.0,1473.0,1486.0,1196894885,805512,101,D,1534.0,1473.0
2373,Tukafoolad.Inv.,20150224,1509.0,1427.0,1445.0,1211406854,838114,98,D,1486.0,1427.0
2374,Tukafoolad.Inv.,20150225,1455.0,1388.0,1412.0,659289426,474344,82,D,1445.0,1388.0
2375,Tukafoolad.Inv.,20150228,1459.0,1356.0,1403.0,374357792,270096,57,D,1412.0,1418.0
2376,Tukafoolad.Inv.,20150301,1420.0,1362.0,1398.0,642616485,461153,87,D,1403.0,1395.0
2377,Tukafoolad.Inv.,20150302,1450.0,1394.0,1418.0,944719111,664075,100,D,1398.0,1395.0
2378,Tukafoolad.Inv.,20150303,1449.0,1390.0,1411.0,504905026,359749,84,D,1418.0,1400.0
2379,Tukafoolad.Inv.,20150304,1440.0,1365.0,1386.0,1214893459,876363,121,D,1411.0,1399.0
2380,Tukafoolad.Inv.,20150307,1420.0,1351.0,1380.0,786364866,570980,92,D,1386.0,1388.0
2381,Tukafoolad.Inv.,20150308,1390.0,1360.0,1377.0,241558148,176638,39,D,1380.0,1365.0
2382,Tukafoolad.Inv.,20150309,1389.0,1330.0,1369.0,384169098,283895,66,D,1377.0,1330.0
2383,Tukafoolad.Inv.,20150310,1350.0,1315.0,1342.0,642557121,485112,84,D,1369.0,1315.0
2384,Tukafoolad.Inv.,20150311,1350.0,1295.0,1336.0,351827665,265499,58,D,1342.0,1349.0
2385,Tukafoolad.Inv.,20150314,1389.0,1367.0,1371.0,765915971,552186,65,D,1336.0,1389.0
2386,Tukafoolad.Inv.,20150315,1425.0,1400.0,1424.0,1205094986,846346,136,D,1371.0,1425.0
2387,Tukafoolad.Inv.,20150316,1469.0,1381.0,1420.0,243378641,173433,62,D,1424.0,1401.0
2388,Tukafoolad.Inv.,20150317,1389.0,1365.0,1414.0,135683245,99077,30,D,1420.0,1366.0
2389,Tukafoolad.Inv.,20150318,1460.0,1410.0,1428.0,735622518,512509,130,D,1414.0,1421.0
2390,Tukafoolad.Inv.,20150325,1467.0,1405.0,1429.0,131764174,91624,56,D,1428.0,1410.0
2391,Tukafoolad.Inv.,20150328,1486.0,1430.0,1467.0,870549677,588103,88,D,1429.0,1486.0
2392,Tukafoolad.Inv.,20150329,1525.0,1500.0,1507.0,866720137,568834,67,D,1467.0,1525.0
2393,Tukafoolad.Inv.,20150330,1542.0,1452.0,1496.0,436231780,295306,65,D,1507.0,1452.0
2394,Tukafoolad.Inv.,20150331,1530.0,1451.0,1498.0,625461779,417254,67,D,1496.0,1480.0
2395,Tukafoolad.Inv.,20150404,1557.0,1557.0,1535.0,783644328,503304,25,D,1498.0,1557.0
2396,Tukafoolad.Inv.,20150405,1596.0,1596.0,1596.0,1365520044,855589,45,D,1535.0,1596.0
2397,Tukafoolad.Inv.,20150406,1620.0,1533.0,1561.0,2481122817,1589093,183,D,1596.0,1533.0
2398,Tukafoolad.Inv.,20150407,1500.0,1499.0,1546.0,298262540,198960,43,D,1561.0,1499.0
2399,Tukafoolad.Inv.,20150408,1570.0,1485.0,1528.0,1571827286,1028991,231,D,1546.0,1487.0
2400,Tukafoolad.Inv.,20150411,1470.0,1467.0,1484.0,848235324,578072,54,D,1528.0,1467.0
2401,Tukafoolad.Inv.,20150412,1432.0,1425.0,1460.0,491986075,344459,30,D,1484.0,1425.0
2402,Tukafoolad.Inv.,20150413,1450.0,1402.0,1405.0,1207118836,859050,157,D,1460.0,1402.0
2403,Tukafoolad.Inv.,20150414,1437.0,1389.0,1408.0,820912957,582326,99,D,1405.0,1420.0
2404,Tukafoolad.Inv.,20150415,1450.0,1360.0,1406.0,430002832,306568,63,D,1408.0,1418.0
2405,Tukafoolad.Inv.,20150418,1399.0,1350.0,1372.0,793573496,583543,115,D,1406.0,1350.0
2406,Tukafoolad.Inv.,20150419,1390.0,1350.0,1373.0,400951244,291699,68,D,1372.0,1390.0
2407,Tukafoolad.Inv.,20150420,1400.0,1357.0,1376.0,415509105,300593,69,D,1373.0,1371.0
2408,Tukafoolad.Inv.,20150421,1390.0,1370.0,1376.0,126484709,91974,23,D,1376.0,1370.0
2409,Tukafoolad.Inv.,20150422,1382.0,1332.0,1365.0,566588947,418305,61,D,1376.0,1332.0
2410,Tukafoolad.Inv.,20150425,1388.0,1342.0,1365.0,287142188,210125,39,D,1365.0,1370.0
2411,Tukafoolad.Inv.,20150426,1389.0,1338.0,1363.0,292973589,215679,52,D,1365.0,1352.0
2412,Tukafoolad.Inv.,20150427,1341.0,1324.0,1351.0,417261997,313016,54,D,1363.0,1325.0
2413,Tukafoolad.Inv.,20150428,1340.0,1297.0,1305.0,1845858159,1414005,172,D,1351.0,1297.0
2414,Tukafoolad.Inv.,20150429,1354.0,1276.0,1298.0,1080510957,832691,106,D,1305.0,1297.0
2415,Tukafoolad.Inv.,20150503,1328.0,1272.0,1293.0,347991029,271427,50,D,1298.0,1272.0
2416,Tukafoolad.Inv.,20150504,1296.0,1255.0,1275.0,537181351,426305,63,D,1293.0,1259.0
2417,Tukafoolad.Inv.,20150505,1270.0,1224.0,1235.0,1093371017,885032,113,D,1275.0,1225.0
2418,Tukafoolad.Inv.,20150506,1253.0,1212.0,1233.0,209746098,170872,32,D,1235.0,1230.0
2419,Tukafoolad.Inv.,20150509,1250.0,1184.0,1201.0,810532310,678324,119,D,1233.0,1184.0
2420,Tukafoolad.Inv.,20150510,1195.0,1153.0,1158.0,1546851147,1335930,155,D,1201.0,1189.0
2421,Tukafoolad.Inv.,20150511,1204.0,1130.0,1187.0,742328269,621062,97,D,1158.0,1204.0
2422,Tukafoolad.Inv.,20150512,1232.0,1200.0,1222.0,1125802923,921437,134,D,1187.0,1224.0
2423,Tukafoolad.Inv.,20150513,1237.0,1201.0,1219.0,449126569,369593,45,D,1222.0,1228.0
2424,Tukafoolad.Inv.,20150517,1210.0,1175.0,1211.0,387546579,323011,62,D,1219.0,1190.0
2425,Tukafoolad.Inv.,20150518,1208.0,1173.0,1209.0,116710703,97648,19,D,1211.0,1183.0
2426,Tukafoolad.Inv.,20150519,1208.0,1180.0,1205.0,210857633,177335,35,D,1209.0,1183.0
2427,Tukafoolad.Inv.,20150520,1210.0,1171.0,1199.0,208369818,176756,34,D,1205.0,1180.0
2428,Tukafoolad.Inv.,20150523,1210.0,1180.0,1198.0,137525828,115599,32,D,1199.0,1192.0
2429,Tukafoolad.Inv.,20150524,1208.0,1170.0,1195.0,191807757,162318,36,D,1198.0,1173.0
2430,Tukafoolad.Inv.,20150525,1221.0,1181.0,1198.0,350662292,291136,50,D,1195.0,1195.0
2431,Tukafoolad.Inv.,20150526,1200.0,1167.0,1195.0,187433003,158182,42,D,1198.0,1200.0
2432,Tukafoolad.Inv.,20150527,1205.0,1146.0,1187.0,806428779,680154,91,D,1195.0,1179.0
2433,Tukafoolad.Inv.,20150530,1207.0,1172.0,1187.0,259916228,218688,44,D,1187.0,1200.0
2434,Tukafoolad.Inv.,20150531,1234.0,1175.0,1203.0,661463179,546652,80,D,1187.0,1193.0
2435,Tukafoolad.Inv.,20150601,1261.0,1193.0,1220.0,705700478,575567,106,D,1203.0,1205.0
2436,Tukafoolad.Inv.,20150602,1249.0,1201.0,1223.0,344336053,280377,56,D,1220.0,1203.0
2437,Tukafoolad.Inv.,20150606,1240.0,1176.0,1207.0,505807192,424043,37,D,1223.0,1177.0
2438,Tukafoolad.Inv.,20150607,1195.0,1167.0,1195.0,386710662,328501,39,D,1207.0,1180.0
2439,Tukafoolad.Inv.,20150608,1197.0,1136.0,1169.0,524180636,456351,52,D,1195.0,1138.0
2440,Tukafoolad.Inv.,20150609,1179.0,1127.0,1167.0,61176726,53681,23,D,1169.0,1162.0
2441,Tukafoolad.Inv.,20150610,1170.0,1130.0,1166.0,67639683,58456,15,D,1167.0,1170.0
2442,Tukafoolad.Inv.,20150613,1178.0,1150.0,1167.0,111496616,94942,30,D,1166.0,1177.0
2443,Tukafoolad.Inv.,20150614,1225.0,1170.0,1207.0,1575666313,1305012,143,D,1167.0,1225.0
2444,Tukafoolad.Inv.,20150615,1223.0,1170.0,1198.0,866249334,723983,56,D,1207.0,1200.0
2445,Tukafoolad.Inv.,20150616,1257.0,1160.0,1229.0,1637012269,1332267,125,D,1198.0,1257.0
2446,Tukafoolad.Inv.,20150617,1290.0,1264.0,1288.0,1723579640,1338602,143,D,1229.0,1290.0
2447,Tukafoolad.Inv.,20150620,1348.0,1261.0,1308.0,778292248,591706,111,D,1288.0,1261.0
2448,Tukafoolad.Inv.,20150621,1299.0,1250.0,1300.0,215106240,169272,43,D,1308.0,1250.0
2449,Tukafoolad.Inv.,20150622,1320.0,1245.0,1295.0,444398767,344704,55,D,1300.0,1292.0
2450,Tukafoolad.Inv.,20150623,1314.0,1251.0,1290.0,1437393761,1114673,93,D,1295.0,1277.0
2451,Tukafoolad.Inv.,20150624,1299.0,1226.0,1263.0,501965359,405954,65,D,1290.0,1229.0
2452,Tukafoolad.Inv.,20150627,1276.0,1209.0,1256.0,301465432,242945,35,D,1263.0,1276.0
2453,Tukafoolad.Inv.,20150628,1288.0,1202.0,1252.0,209985362,169881,38,D,1256.0,1212.0
2454,Tukafoolad.Inv.,20150629,1270.0,1210.0,1252.0,130704442,104495,19,D,1252.0,1250.0
2455,Tukafoolad.Inv.,20150630,1314.0,1215.0,1288.0,1004122728,779052,118,D,1252.0,1314.0
2456,Tukafoolad.Inv.,20150701,1345.0,1262.0,1290.0,405089331,313459,65,D,1288.0,1310.0
2457,Tukafoolad.Inv.,20150704,1350.0,1290.0,1317.0,817937530,617610,80,D,1290.0,1290.0
2458,Tukafoolad.Inv.,20150705,1348.0,1263.0,1292.0,1226681517,949575,81,D,1317.0,1289.0
2459,Tukafoolad.Inv.,20150706,1356.0,1275.0,1332.0,2313153635,1737176,152,D,1292.0,1356.0
2460,Tukafoolad.Inv.,20150707,1398.0,1340.0,1383.0,1736990612,1256072,148,D,1332.0,1398.0
2461,Tukafoolad.Inv.,20150711,1452.0,1333.0,1416.0,1283410389,906240,134,D,1383.0,1452.0
2462,Tukafoolad.Inv.,20150712,1486.0,1373.0,1484.0,2014391980,1357236,120,D,1416.0,1486.0
2463,Tukafoolad.Inv.,20150713,1558.0,1486.0,1557.0,3571066928,2293833,171,D,1484.0,1558.0
2464,Tukafoolad.Inv.,20150714,1630.0,1480.0,1529.0,2492709882,1630022,155,D,1557.0,1570.0
2465,Tukafoolad.Inv.,20150715,1510.0,1453.0,1487.0,739746897,505996,55,D,1529.0,1453.0
2466,Tukafoolad.Inv.,20150720,1440.0,1413.0,1462.0,416372685,293439,61,D,1487.0,1413.0
2467,Tukafoolad.Inv.,20150721,1460.0,1420.0,1456.0,324750442,225213,38,D,1462.0,1450.0
2468,Tukafoolad.Inv.,20150722,1450.0,1384.0,1429.0,511943033,366531,60,D,1456.0,1420.0
2469,Tukafoolad.Inv.,20150725,1361.0,1358.0,1420.0,145016720,106719,22,D,1429.0,1358.0
2470,Tukafoolad.Inv.,20150726,1392.0,1349.0,1350.0,1434492168,1062887,107,D,1420.0,1349.0
2471,Tukafoolad.Inv.,20150727,1340.0,1283.0,1290.0,1102145701,854528,127,D,1350.0,1284.0
2472,Tukafoolad.Inv.,20150728,1322.0,1270.0,1298.0,1039142352,800653,56,D,1290.0,1300.0
2473,Tukafoolad.Inv.,20150729,1362.0,1294.0,1349.0,2386085762,1769245,159,D,1298.0,1362.0
2474,Tukafoolad.Inv.,20150801,1410.0,1300.0,1328.0,1043812813,786127,69,D,1349.0,1300.0
2475,Tukafoolad.Inv.,20150802,1355.0,1297.0,1326.0,88206786,67756,28,D,1328.0,1302.0
2476,Tukafoolad.Inv.,20150803,1352.0,1304.0,1325.0,61713690,46875,20,D,1326.0,1316.0
2477,Tukafoolad.Inv.,20150804,1338.0,1290.0,1322.0,157456505,120909,29,D,1325.0,1290.0
2478,Tukafoolad.Inv.,20150805,1311.0,1287.0,1317.0,160823040,124406,26,D,1322.0,1304.0
2479,Tukafoolad.Inv.,20150808,1329.0,1280.0,1304.0,428204345,332848,28,D,1317.0,1281.0
2480,Tukafoolad.Inv.,20150809,1320.0,1263.0,1304.0,10259629,7903,6,D,1304.0,1319.0
2481,Tukafoolad.Inv.,20150810,1310.0,1281.0,1303.0,171785125,132330,28,D,1304.0,1281.0
2482,Tukafoolad.Inv.,20150812,1353.0,1250.0,1292.0,263514650,209270,41,D,1303.0,1290.0
2483,Tukafoolad.Inv.,20150815,1260.0,1228.0,1229.0,1202528615,978110,148,D,1292.0,1228.0
2484,Tukafoolad.Inv.,20150816,1250.0,1205.0,1229.0,791319244,643696,70,D,1229.0,1210.0
2485,Tukafoolad.Inv.,20150817,1255.0,1194.0,1219.0,875504147,718801,84,D,1229.0,1255.0
2486,Tukafoolad.Inv.,20150818,1220.0,1190.0,1214.0,348705216,289293,51,D,1219.0,1190.0
2487,Tukafoolad.Inv.,20150819,1229.0,1182.0,1205.0,352601505,296436,122,D,1214.0,1182.0
2488,Tukafoolad.Inv.,20150822,1185.0,1145.0,1172.0,621660871,538103,84,D,1205.0,1179.0
2489,Tukafoolad.Inv.,20150823,1178.0,1140.0,1156.0,574754923,501458,81,D,1172.0,1163.0
2490,Tukafoolad.Inv.,20150824,1189.0,1140.0,1157.0,381370048,329014,70,D,1156.0,1189.0
2491,Tukafoolad.Inv.,20150825,1180.0,1145.0,1156.0,173479181,150931,45,D,1157.0,1159.0
2492,Tukafoolad.Inv.,20150826,1158.0,1130.0,1148.0,353344754,311206,53,D,1156.0,1150.0
2493,Tukafoolad.Inv.,20150829,1190.0,1150.0,1158.0,401798272,342883,51,D,1148.0,1159.0
2494,Tukafoolad.Inv.,20150830,1160.0,1131.0,1152.0,334653222,293180,50,D,1158.0,1135.0
2495,Tukafoolad.Inv.,20150831,1153.0,1140.0,1151.0,229659790,200073,37,D,1152.0,1145.0
2496,Tukafoolad.Inv.,20150901,1169.0,1132.0,1150.0,261920559,228527,45,D,1151.0,1149.0
2497,Tukafoolad.Inv.,20150902,1150.0,1134.0,1140.0,809466541,710800,87,D,1150.0,1150.0
2498,Tukafoolad.Inv.,20150905,1180.0,1145.0,1153.0,679843075,587247,66,D,1140.0,1180.0
2499,Tukafoolad.Inv.,20150906,1179.0,1147.0,1158.0,476134224,409149,64,D,1153.0,1171.0
2500,Tukafoolad.Inv.,20150907,1171.0,1151.0,1161.0,426433312,366307,67,D,1158.0,1170.0
2501,Tukafoolad.Inv.,20150908,1174.0,1157.0,1161.0,172799099,148814,39,D,1161.0,1166.0
2502,Tukafoolad.Inv.,20150909,1173.0,1147.0,1158.0,385163387,333642,52,D,1161.0,1169.0
2503,Tukafoolad.Inv.,20150912,1160.0,1142.0,1156.0,246499990,213983,38,D,1158.0,1142.0
2504,Tukafoolad.Inv.,20150913,1141.0,1099.0,1133.0,840307556,743040,70,D,1156.0,1108.0
2505,Tukafoolad.Inv.,20150914,1113.0,1082.0,1124.0,190593369,174295,33,D,1133.0,1108.0
2506,Tukafoolad.Inv.,20150915,1120.0,1068.0,1083.0,814308785,753518,82,D,1124.0,1090.0
2507,Tukafoolad.Inv.,20150916,1114.0,1064.0,1083.0,319553366,295416,50,D,1083.0,1114.0
2508,Tukafoolad.Inv.,20150919,1137.0,1100.0,1115.0,696814830,620013,92,D,1083.0,1137.0
2509,Tukafoolad.Inv.,20150920,1160.0,1078.0,1121.0,643690107,572999,79,D,1115.0,1100.0
2510,Tukafoolad.Inv.,20150921,1149.0,1070.0,1107.0,310287110,286558,42,D,1121.0,1100.0
2511,Tukafoolad.Inv.,20150922,1160.0,1100.0,1117.0,257671435,225549,49,D,1107.0,1111.0
2512,Tukafoolad.Inv.,20150923,1150.0,1101.0,1117.0,238825751,213482,34,D,1117.0,1120.0
2513,Tukafoolad.Inv.,20150926,1128.0,1093.0,1110.0,359102188,326730,31,D,1117.0,1118.0
2514,Tukafoolad.Inv.,20150927,1165.0,1093.0,1143.0,1353618139,1183781,110,D,1110.0,1165.0
2515,Tukafoolad.Inv.,20150928,1200.0,1180.0,1199.0,952507532,794204,54,D,1143.0,1200.0
2516,Tukafoolad.Inv.,20150929,1258.0,1206.0,1254.0,4063110179,3240285,336,D,1199.0,1258.0
2517,Tukafoolad.Inv.,20150930,1258.0,1195.0,1216.0,805253416,666630,81,D,1254.0,1195.0
2518,Tukafoolad.Inv.,20151003,1190.0,1156.0,1160.0,1509335313,1301546,126,D,1216.0,1156.0
2519,Tukafoolad.Inv.,20151004,1150.0,1107.0,1149.0,231539417,207221,42,D,1160.0,1139.0
2520,Tukafoolad.Inv.,20151005,1156.0,1122.0,1147.0,144445389,127188,45,D,1149.0,1152.0
2521,Tukafoolad.Inv.,20151006,1179.0,1122.0,1145.0,199373311,174991,40,D,1147.0,1136.0
2522,Tukafoolad.Inv.,20151007,1167.0,1126.0,1143.0,160310685,141461,25,D,1145.0,1153.0
2523,Tukafoolad.Inv.,20151010,1161.0,1121.0,1143.0,230813712,201932,39,D,1143.0,1140.0
2524,Tukafoolad.Inv.,20151011,1195.0,1158.0,1173.0,712910899,602669,89,D,1143.0,1189.0
2525,Tukafoolad.Inv.,20151012,1231.0,1141.0,1221.0,2373800658,1944018,155,D,1173.0,1231.0
2526,Tukafoolad.Inv.,20151013,1280.0,1200.0,1252.0,3928649933,3136889,203,D,1221.0,1270.0
2527,Tukafoolad.Inv.,20151014,1314.0,1226.0,1256.0,1725470096,1373486,156,D,1252.0,1226.0
2528,Tukafoolad.Inv.,20151017,1270.0,1222.0,1250.0,1192318331,953568,102,D,1256.0,1260.0
2529,Tukafoolad.Inv.,20151018,1289.0,1240.0,1267.0,1688246344,1332151,125,D,1250.0,1240.0
2530,Tukafoolad.Inv.,20151019,1278.0,1223.0,1233.0,1530252464,1240744,109,D,1267.0,1230.0
2531,Tukafoolad.Inv.,20151026,1140.0,1100.0,1124.0,322936009,287253,37,D,1113.0,1128.0
2532,Tukafoolad.Inv.,20151027,1150.0,1110.0,1123.0,464569146,414099,51,D,1124.0,1110.0
2533,Tukafoolad.Inv.,20151028,1148.0,1090.0,1117.0,287765202,260166,41,D,1123.0,1110.0
2534,Tukafoolad.Inv.,20151031,1133.0,1090.0,1113.0,374631491,338081,51,D,1117.0,1118.0
2535,Tukafoolad.Inv.,20151101,1168.0,1134.0,1163.0,2375099706,2043050,235,D,1113.0,1168.0
2536,Tukafoolad.Inv.,20151102,1216.0,1143.0,1189.0,1861078652,1565880,133,D,1163.0,1187.0
2537,Tukafoolad.Inv.,20151103,1164.0,1145.0,1171.0,450523041,390799,41,D,1189.0,1149.0
2538,Tukafoolad.Inv.,20151104,1174.0,1133.0,1149.0,679790817,595210,124,D,1171.0,1147.0
2539,Tukafoolad.Inv.,20151107,1156.0,1133.0,1146.0,269027873,236166,28,D,1149.0,1150.0
2540,Tukafoolad.Inv.,20151108,1160.0,1142.0,1146.0,1341460961,1170143,42,D,1146.0,1144.0
2541,Tukafoolad.Inv.,20151109,1160.0,1126.0,1142.0,384618308,338234,39,D,1146.0,1131.0
2542,Tukafoolad.Inv.,20151110,1145.0,1120.0,1139.0,178379447,158450,30,D,1142.0,1139.0
2543,Tukafoolad.Inv.,20151111,1143.0,1105.0,1137.0,105629905,94004,21,D,1139.0,1122.0
2544,Tukafoolad.Inv.,20151114,1140.0,1116.0,1130.0,467468440,415885,70,D,1137.0,1140.0
2545,Tukafoolad.Inv.,20151115,1136.0,1102.0,1128.0,727608706,645630,71,D,1130.0,1136.0
2546,Tukafoolad.Inv.,20151116,1149.0,1116.0,1129.0,674749619,597755,70,D,1128.0,1128.0
2547,Tukafoolad.Inv.,20151117,1185.0,1148.0,1182.0,3652071503,3090651,210,D,1129.0,1185.0
2548,Tukafoolad.Inv.,20151118,1230.0,1170.0,1192.0,1207698473,1013378,89,D,1182.0,1190.0
2549,Tukafoolad.Inv.,20151121,1194.0,1150.0,1158.0,812426196,704308,60,D,1192.0,1151.0
2550,Tukafoolad.Inv.,20151122,1192.0,1151.0,1162.0,377435705,323200,50,D,1158.0,1170.0
2551,Tukafoolad.Inv.,20151123,1189.0,1158.0,1162.0,424288406,365187,31,D,1162.0,1158.0
2552,Tukafoolad.Inv.,20151124,1160.0,1151.0,1160.0,264201943,228665,20,D,1162.0,1151.0
2553,Tukafoolad.Inv.,20151125,1159.0,1140.0,1154.0,520086454,452441,32,D,1160.0,1150.0
2554,Tukafoolad.Inv.,20151128,1150.0,1104.0,1121.0,2358039720,2103055,51,D,1154.0,1120.0
2555,Tukafoolad.Inv.,20151129,1147.0,1102.0,1126.0,753052813,668319,83,D,1121.0,1130.0
2556,Tukafoolad.Inv.,20151130,1138.0,1130.0,1127.0,179336840,158568,25,D,1126.0,1130.0
2557,Tukafoolad.Inv.,20151201,1146.0,1125.0,1128.0,192172622,170046,17,D,1127.0,1130.0
2558,Tukafoolad.Inv.,20151205,1149.0,1130.0,1130.0,342811292,302632,39,D,1128.0,1130.0
2559,Tukafoolad.Inv.,20151206,1130.0,1080.0,1093.0,1608257897,1471544,105,D,1130.0,1081.0
2560,Tukafoolad.Inv.,20151207,1119.0,1080.0,1095.0,182559913,165289,24,D,1093.0,1100.0
2561,Tukafoolad.Inv.,20151208,1124.0,1085.0,1101.0,387028545,349311,31,D,1095.0,1124.0
2562,Tukafoolad.Inv.,20151209,1145.0,1129.0,1118.0,403700227,354000,34,D,1101.0,1144.0
2563,Tukafoolad.Inv.,20151213,1149.0,1095.0,1116.0,114171781,103693,23,D,1118.0,1103.0
2564,Tukafoolad.Inv.,20151214,1120.0,1085.0,1116.0,45778880,41065,14,D,1116.0,1103.0
2565,Tukafoolad.Inv.,20151215,1150.0,1112.0,1136.0,706430912,618730,47,D,1116.0,1134.0
2566,Tukafoolad.Inv.,20151216,1140.0,1095.0,1112.0,1048021958,942248,54,D,1136.0,1115.0
2567,Tukafoolad.Inv.,20151219,1115.0,1060.0,1093.0,564854198,521842,73,D,1112.0,1064.0
2568,Tukafoolad.Inv.,20151220,1075.0,1039.0,1066.0,583738080,554012,54,D,1093.0,1063.0
2569,Tukafoolad.Inv.,20151221,1094.0,1053.0,1067.0,166427933,155674,28,D,1066.0,1094.0
2570,Tukafoolad.Inv.,20151222,1090.0,1065.0,1070.0,169345550,156445,25,D,1067.0,1090.0
2571,Tukafoolad.Inv.,20151223,1109.0,1063.0,1073.0,243134561,224914,41,D,1070.0,1109.0
2572,Tukafoolad.Inv.,20151226,1107.0,1072.0,1082.0,449689770,412682,36,D,1073.0,1080.0
2573,Tukafoolad.Inv.,20151227,1136.0,1086.0,1093.0,326080691,293296,46,D,1082.0,1120.0
2574,Tukafoolad.Inv.,20151228,1140.0,1120.0,1122.0,606115136,533681,89,D,1093.0,1128.0
2575,Tukafoolad.Inv.,20151230,1178.0,1149.0,1173.0,1153919404,983649,108,D,1122.0,1178.0
2576,Tukafoolad.Inv.,20160102,1231.0,1201.0,1230.0,11535585610,9381923,458,D,1173.0,1231.0
2577,Tukafoolad.Inv.,20160103,1265.0,1219.0,1244.0,3299212165,2651584,233,D,1230.0,1229.0
2578,Tukafoolad.Inv.,20160104,1306.0,1212.0,1295.0,8577259511,6624055,339,D,1244.0,1306.0
2579,Tukafoolad.Inv.,20160105,1350.0,1280.0,1331.0,1766651771,1326863,125,D,1295.0,1310.0
2580,Tukafoolad.Inv.,20160106,1340.0,1265.0,1280.0,3004263352,2346616,263,D,1331.0,1266.0
2581,Tukafoolad.Inv.,20160109,1260.0,1216.0,1231.0,941059831,765826,104,D,1280.0,1216.0
2582,Tukafoolad.Inv.,20160110,1242.0,1186.0,1223.0,761338887,623442,82,D,1231.0,1212.0
2583,Tukafoolad.Inv.,20160111,1284.0,1193.0,1273.0,4330028107,3400534,210,D,1223.0,1284.0
2584,Tukafoolad.Inv.,20160112,1336.0,1300.0,1328.0,2259281328,1701226,145,D,1273.0,1336.0
2585,Tukafoolad.Inv.,20160113,1394.0,1345.0,1390.0,5565315883,4004337,336,D,1328.0,1394.0
2586,Tukafoolad.Inv.,20160116,1459.0,1370.0,1428.0,5001154317,3501835,235,D,1390.0,1370.0
2587,Tukafoolad.Inv.,20160117,1410.0,1357.0,1364.0,1977897898,1450340,115,D,1428.0,1357.0
2588,Tukafoolad.Inv.,20160118,1387.0,1296.0,1308.0,1393314506,1065311,115,D,1364.0,1370.0
2589,Tukafoolad.Inv.,20160119,1367.0,1272.0,1310.0,658305855,502184,88,D,1308.0,1286.0
2590,Tukafoolad.Inv.,20160120,1369.0,1260.0,1321.0,3375471381,2555070,168,D,1310.0,1307.0
2591,Tukafoolad.Inv.,20160123,1345.0,1280.0,1316.0,2144709938,1630016,131,D,1321.0,1333.0
2592,Tukafoolad.Inv.,20160124,1381.0,1309.0,1363.0,4744456361,3480791,181,D,1316.0,1381.0
2593,Tukafoolad.Inv.,20160125,1431.0,1411.0,1428.0,4785983134,3350550,221,D,1363.0,1431.0
2594,Tukafoolad.Inv.,20160126,1499.0,1430.0,1468.0,5065230817,3449537,187,D,1428.0,1499.0
2595,Tukafoolad.Inv.,20160127,1539.0,1396.0,1438.0,1808133516,1257341,160,D,1468.0,1396.0
2596,Tukafoolad.Inv.,20160130,1459.0,1383.0,1413.0,866638926,616602,56,D,1438.0,1386.0
2597,Tukafoolad.Inv.,20160131,1480.0,1346.0,1380.0,2115809771,1533279,100,D,1413.0,1391.0
2598,Tukafoolad.Inv.,20160201,1449.0,1378.0,1436.0,7884004527,5490829,364,D,1380.0,1449.0
2599,Tukafoolad.Inv.,20160202,1504.0,1392.0,1436.0,1528226846,1064221,144,D,1436.0,1400.0
2600,Tukafoolad.Inv.,20160203,1463.0,1380.0,1433.0,3427244587,2391629,212,D,1436.0,1458.0
2601,Tukafoolad.Inv.,20160206,1504.0,1445.0,1500.0,6192432988,4128603,223,D,1433.0,1504.0
2602,Tukafoolad.Inv.,20160207,1575.0,1520.0,1570.0,12675110031,8075879,473,D,1500.0,1575.0
2603,Tukafoolad.Inv.,20160208,1648.0,1530.0,1624.0,7797634633,4802158,405,D,1570.0,1648.0
2604,Tukafoolad.Inv.,20160209,1705.0,1543.0,1662.0,15093974017,9082828,624,D,1624.0,1543.0
2605,Tukafoolad.Inv.,20160210,1660.0,1579.0,1596.0,6875023865,4306631,363,D,1662.0,1609.0
2606,Tukafoolad.Inv.,20160213,1600.0,1517.0,1523.0,3740100717,2455966,188,D,1596.0,1517.0
2607,Tukafoolad.Inv.,20160214,1598.0,1447.0,1469.0,2559912897,1743126,173,D,1523.0,1451.0
2608,Tukafoolad.Inv.,20160215,1542.0,1440.0,1520.0,3488540569,2294432,236,D,1469.0,1542.0
2609,Tukafoolad.Inv.,20160216,1590.0,1464.0,1539.0,1623527531,1054634,134,D,1520.0,1480.0
2610,Tukafoolad.Inv.,20160217,1577.0,1477.0,1526.0,2802888522,1837343,232,D,1539.0,1507.0
2611,Tukafoolad.Inv.,20160220,1530.0,1450.0,1458.0,5923640845,4062922,297,D,1526.0,1450.0
2612,Tukafoolad.Inv.,20160221,1420.0,1386.0,1394.0,3531874719,2532945,225,D,1458.0,1386.0
2613,Tukafoolad.Inv.,20160222,1463.0,1420.0,1462.0,3738016231,2557603,175,D,1394.0,1463.0
2614,Tukafoolad.Inv.,20160223,1510.0,1391.0,1436.0,1432487389,997556,127,D,1462.0,1391.0
2615,Tukafoolad.Inv.,20160224,1460.0,1370.0,1398.0,1307486951,934990,108,D,1436.0,1395.0
2616,Tukafoolad.Inv.,20160227,1447.0,1390.0,1420.0,1001999000,704014,88,D,1398.0,1418.0
2617,Tukafoolad.Inv.,20160228,1458.0,1350.0,1364.0,2323963132,1704345,176,D,1420.0,1360.0
2618,Tukafoolad.Inv.,20160229,1362.0,1310.0,1331.0,1821622001,1369085,207,D,1364.0,1330.0
2619,Tukafoolad.Inv.,20160301,1397.0,1320.0,1361.0,4657954289,3421606,328,D,1331.0,1320.0
2620,Tukafoolad.Inv.,20160302,1379.0,1320.0,1344.0,1878954157,1397563,105,D,1361.0,1360.0
2621,Tukafoolad.Inv.,20160305,1370.0,1318.0,1341.0,4363665331,3254860,329,D,1344.0,1342.0
2622,Tukafoolad.Inv.,20160306,1380.0,1320.0,1346.0,3608060702,2681271,271,D,1341.0,1330.0
2623,Tukafoolad.Inv.,20160307,1359.0,1322.0,1340.0,7464379502,5572027,461,D,1346.0,1346.0
2624,Tukafoolad.Inv.,20160308,1407.0,1333.0,1368.0,8741434467,6389603,382,D,1340.0,1355.0
2625,Tukafoolad.Inv.,20160309,1380.0,1330.0,1341.0,4045129425,3017089,298,D,1368.0,1341.0
2626,Tukafoolad.Inv.,20160312,1380.0,1344.0,1358.0,13666703334,10066434,615,D,1341.0,1350.0
2627,Tukafoolad.Inv.,20160314,1425.0,1361.0,1416.0,16837891958,11893986,546,D,1358.0,1425.0
2628,Tukafoolad.Inv.,20160315,1486.0,1425.0,1460.0,19615096294,13431253,712,D,1416.0,1428.0
2629,Tukafoolad.Inv.,20160316,1430.0,1387.0,1391.0,6989494610,5026518,374,D,1460.0,1399.0
2630,Tukafoolad.Inv.,20160326,1460.0,1372.0,1457.0,7045070722,4835255,284,D,1391.0,1456.0
2631,Tukafoolad.Inv.,20160327,1470.0,1385.0,1402.0,4659384747,3323680,315,D,1457.0,1399.0
2632,Tukafoolad.Inv.,20160328,1400.0,1364.0,1381.0,1677940849,1214829,129,D,1402.0,1370.0
2633,Tukafoolad.Inv.,20160329,1395.0,1342.0,1364.0,2502999031,1834996,150,D,1381.0,1365.0
2634,Tukafoolad.Inv.,20160330,1417.0,1353.0,1385.0,25006891509,18052915,766,D,1364.0,1416.0
2635,Tukafoolad.Inv.,20160402,1438.0,1391.0,1418.0,4296699831,3030690,249,D,1385.0,1410.0
2636,Tukafoolad.Inv.,20160403,1416.0,1366.0,1381.0,1763677952,1277360,175,D,1418.0,1373.0
2637,Tukafoolad.Inv.,20160404,1411.0,1360.0,1398.0,2582474375,1846984,155,D,1381.0,1409.0
2638,Tukafoolad.Inv.,20160405,1467.0,1419.0,1461.0,12482922852,8541665,529,D,1398.0,1467.0
2639,Tukafoolad.Inv.,20160406,1521.0,1450.0,1499.0,11800784539,7870503,834,D,1461.0,1519.0
2640,Tukafoolad.Inv.,20160409,1548.0,1452.0,1523.0,8270179061,5430277,568,D,1499.0,1485.0
2641,Tukafoolad.Inv.,20160410,1498.0,1447.0,1464.0,4933944403,3371319,327,D,1523.0,1450.0
2642,Tukafoolad.Inv.,20160411,1489.0,1420.0,1454.0,2411695656,1659208,179,D,1464.0,1470.0
2643,Tukafoolad.Inv.,20160412,1500.0,1430.0,1468.0,3733620238,2543179,276,D,1454.0,1430.0
2644,Tukafoolad.Inv.,20160413,1477.0,1395.0,1400.0,2904413516,2074663,202,D,1468.0,1395.0
2645,Tukafoolad.Inv.,20160416,1389.0,1330.0,1337.0,3305846832,2472029,248,D,1400.0,1330.0
2646,Tukafoolad.Inv.,20160417,1403.0,1293.0,1381.0,3666749272,2655928,255,D,1337.0,1403.0
2647,Tukafoolad.Inv.,20160418,1450.0,1404.0,1446.0,6339981800,4384810,287,D,1381.0,1450.0
2648,Tukafoolad.Inv.,20160419,1517.0,1403.0,1485.0,9866517057,6643211,563,D,1446.0,1483.0
2649,Tukafoolad.Inv.,20160420,1505.0,1411.0,1438.0,6145226063,4273052,416,D,1485.0,1411.0
2650,Tukafoolad.Inv.,20160423,1480.0,1389.0,1409.0,3843365470,2728100,306,D,1438.0,1400.0
2651,Tukafoolad.Inv.,20160424,1438.0,1371.0,1387.0,4723032471,3406282,285,D,1409.0,1398.0
2652,Tukafoolad.Inv.,20160425,1436.0,1398.0,1414.0,5399022703,3818557,331,D,1387.0,1427.0
2653,Tukafoolad.Inv.,20160426,1448.0,1401.0,1423.0,3651474989,2566851,258,D,1414.0,1415.0
2654,Tukafoolad.Inv.,20160427,1479.0,1404.0,1451.0,4706561249,3242927,305,D,1423.0,1443.0
2655,Tukafoolad.Inv.,20160430,1490.0,1400.0,1457.0,3803923816,2610569,299,D,1451.0,1454.0
2656,Tukafoolad.Inv.,20160501,1469.0,1420.0,1435.0,1559437319,1087011,122,D,1457.0,1430.0
2657,Tukafoolad.Inv.,20160502,1430.0,1399.0,1409.0,3535991083,2510324,190,D,1435.0,1419.0
2658,Tukafoolad.Inv.,20160503,1479.0,1420.0,1461.0,54853026938,37532033,1550,D,1409.0,1442.0
2659,Tukafoolad.Inv.,20160504,1500.0,1430.0,1469.0,13032902536,8872852,687,D,1461.0,1464.0
2660,Tukafoolad.Inv.,20160507,1542.0,1430.0,1533.0,35653495540,23258267,1708,D,1469.0,1531.0
2661,Tukafoolad.Inv.,20160508,1586.0,1480.0,1522.0,9766136737,6415348,678,D,1533.0,1530.0
2662,Tukafoolad.Inv.,20160509,1598.0,1511.0,1541.0,125932965882,81745501,2626,D,1522.0,1598.0
2663,Tukafoolad.Inv.,20160510,1618.0,1610.0,1618.0,39074168358,24149931,731,D,1541.0,1618.0
2664,Tukafoolad.Inv.,20160511,1681.0,1538.0,1614.0,54493439989,33753424,2000,D,1618.0,1681.0
2665,Tukafoolad.Inv.,20160514,1694.0,1621.0,1688.0,11364792363,6732266,354,D,1614.0,1694.0
2666,Tukafoolad.Inv.,20160515,1772.0,1696.0,1750.0,58247677740,33287597,2075,D,1688.0,1772.0
2667,Tukafoolad.Inv.,20160516,1818.0,1711.0,1759.0,17685955837,10056788,1019,D,1750.0,1730.0
2668,Tukafoolad.Inv.,20160517,1790.0,1681.0,1765.0,67850098271,38442171,1300,D,1759.0,1700.0
2669,Tukafoolad.Inv.,20160518,1755.0,1677.0,1684.0,17924314725,10642594,509,D,1765.0,1677.0
2670,Tukafoolad.Inv.,20160521,1717.0,1623.0,1685.0,9678287503,5743218,566,D,1684.0,1685.0
2671,Tukafoolad.Inv.,20160523,1705.0,1625.0,1674.0,8639402044,5162150,446,D,1685.0,1697.0
2672,Tukafoolad.Inv.,20160524,1717.0,1651.0,1683.0,3885905643,2308234,239,D,1674.0,1685.0
2673,Tukafoolad.Inv.,20160525,1700.0,1650.0,1679.0,4977538095,2963799,267,D,1683.0,1700.0
2674,Tukafoolad.Inv.,20160528,1762.0,1699.0,1756.0,20366241976,11595854,777,D,1679.0,1741.0
2675,Tukafoolad.Inv.,20160529,1800.0,1692.0,1743.0,5487563528,3147830,363,D,1756.0,1760.0
2676,Tukafoolad.Inv.,20160530,1765.0,1701.0,1721.0,3257833866,1892983,174,D,1743.0,1721.0
2677,Tukafoolad.Inv.,20160531,1734.0,1666.0,1696.0,4922324976,2902309,202,D,1721.0,1730.0
2678,Tukafoolad.Inv.,20160601,1706.0,1660.0,1684.0,1949618113,1157647,121,D,1696.0,1699.0
2679,Tukafoolad.Inv.,20160605,1710.0,1600.0,1652.0,5228095511,3164898,277,D,1684.0,1650.0
2680,Tukafoolad.Inv.,20160606,1660.0,1590.0,1614.0,4432467230,2746658,309,D,1652.0,1591.0
2681,Tukafoolad.Inv.,20160607,1648.0,1540.0,1618.0,16232867783,10031815,431,D,1614.0,1610.0
2682,Tukafoolad.Inv.,20160608,1638.0,1540.0,1557.0,5700871512,3660561,313,D,1618.0,1543.0
2683,Tukafoolad.Inv.,20160611,1597.0,1500.0,1526.0,940172836,619625,126,D,1557.0,1511.0
2684,Tukafoolad.Inv.,20160612,1535.0,1450.0,1488.0,5911200156,3971837,382,D,1526.0,1470.0
2685,Tukafoolad.Inv.,20160613,1555.0,1466.0,1515.0,1534574529,1013071,140,D,1488.0,1505.0
2686,Tukafoolad.Inv.,20160614,1541.0,1468.0,1504.0,1901506139,1264372,186,D,1515.0,1468.0
2687,Tukafoolad.Inv.,20160615,1539.0,1473.0,1498.0,1723016968,1150384,166,D,1504.0,1495.0
2688,Tukafoolad.Inv.,20160618,1500.0,1460.0,1487.0,860439290,580445,79,D,1498.0,1460.0
2689,Tukafoolad.Inv.,20160619,1524.0,1449.0,1498.0,1217772564,812983,127,D,1487.0,1460.0
2690,Tukafoolad.Inv.,20160620,1521.0,1460.0,1498.0,2183838784,1457376,113,D,1498.0,1500.0
2691,Tukafoolad.Inv.,20160621,1548.0,1500.0,1522.0,1383622835,909317,145,D,1498.0,1538.0
2692,Tukafoolad.Inv.,20160622,1598.0,1533.0,1597.0,8069734526,5054515,224,D,1522.0,1598.0
2693,Tukafoolad.Inv.,20160625,1675.0,1555.0,1632.0,2988960836,1831548,313,D,1597.0,1618.0
2694,Tukafoolad.Inv.,20160626,1692.0,1554.0,1674.0,17758722032,10608643,504,D,1632.0,1650.0
2695,Tukafoolad.Inv.,20160628,1739.0,1660.0,1707.0,57072045880,33432790,667,D,1674.0,1710.0
2696,Tukafoolad.Inv.,20160629,1755.0,1672.0,1727.0,6075567600,3517981,282,D,1707.0,1693.0
2697,Tukafoolad.Inv.,20160702,1725.0,1665.0,1682.0,4218235678,2507488,237,D,1727.0,1680.0
2698,Tukafoolad.Inv.,20160703,1718.0,1642.0,1687.0,3347301076,1984099,133,D,1682.0,1699.0
2699,Tukafoolad.Inv.,20160704,1707.0,1603.0,1641.0,4328517904,2638429,217,D,1687.0,1660.0
2700,Tukafoolad.Inv.,20160705,1698.0,1611.0,1679.0,24101075723,14351799,289,D,1641.0,1671.0
2701,Tukafoolad.Inv.,20160709,1695.0,1620.0,1655.0,888797279,540764,59,D,1679.0,1620.0
2702,Tukafoolad.Inv.,20160710,1630.0,1573.0,1590.0,3569088336,2245208,172,D,1655.0,1573.0
2703,Tukafoolad.Inv.,20160711,1573.0,1511.0,1526.0,4104698539,2689681,223,D,1590.0,1558.0
2704,Tukafoolad.Inv.,20160712,1602.0,1496.0,1587.0,14667879406,9242888,548,D,1526.0,1589.0
2705,Tukafoolad.Inv.,20160713,1644.0,1590.0,1624.0,4709828890,2899508,177,D,1587.0,1625.0
2706,Tukafoolad.Inv.,20160716,1649.0,1570.0,1612.0,3767979553,2338167,182,D,1624.0,1590.0
2707,Tukafoolad.Inv.,20160717,1619.0,1541.0,1574.0,1775670008,1128019,157,D,1612.0,1541.0
2708,Tukafoolad.Inv.,20160718,1551.0,1520.0,1527.0,2139218758,1400707,178,D,1574.0,1525.0
2709,Tukafoolad.Inv.,20160719,1603.0,1534.0,1592.0,3627191682,2278146,252,D,1527.0,1600.0
2710,Tukafoolad.Inv.,20160720,1671.0,1616.0,1666.0,14276115392,8569793,553,D,1592.0,1670.0
2711,Tukafoolad.Inv.,20160723,1726.0,1650.0,1683.0,4146147591,2463760,251,D,1666.0,1664.0
2712,Tukafoolad.Inv.,20160724,1725.0,1641.0,1708.0,6159633146,3606328,325,D,1683.0,1700.0
2713,Tukafoolad.Inv.,20160725,1750.0,1682.0,1727.0,12411027153,7187014,550,D,1708.0,1690.0
2714,Tukafoolad.Inv.,20160726,1725.0,1656.0,1679.0,2637838476,1571052,204,D,1727.0,1656.0
2715,Tukafoolad.Inv.,20160727,1699.0,1635.0,1696.0,42576111211,25098646,1316,D,1679.0,1656.0
2716,Tukafoolad.Inv.,20160731,1780.0,1670.0,1764.0,20112235822,11398360,845,D,1696.0,1765.0
2717,Tukafoolad.Inv.,20160801,1852.0,1770.0,1836.0,35961895688,19588475,1306,D,1764.0,1852.0
2718,Tukafoolad.Inv.,20160802,1853.0,1765.0,1808.0,12506479295,6918169,670,D,1836.0,1765.0
2719,Tukafoolad.Inv.,20160803,1841.0,1750.0,1801.0,4319392845,2398307,239,D,1808.0,1770.0
2720,Tukafoolad.Inv.,20160806,1865.0,1800.0,1837.0,10513937708,5724397,558,D,1801.0,1825.0
2721,Tukafoolad.Inv.,20160807,1847.0,1746.0,1761.0,11300814947,6419067,531,D,1837.0,1746.0
2722,Tukafoolad.Inv.,20160808,1770.0,1681.0,1726.0,48524117527,28105898,1538,D,1761.0,1744.0
2723,Tukafoolad.Inv.,20160809,1798.0,1740.0,1787.0,45973359138,25721840,349,D,1726.0,1790.0
2724,Tukafoolad.Inv.,20160810,1794.0,1745.0,1764.0,1999294658,1133318,153,D,1787.0,1760.0
2725,Tukafoolad.Inv.,20160813,1791.0,1707.0,1733.0,3563271431,2055550,243,D,1764.0,1710.0
2726,Tukafoolad.Inv.,20160814,1761.0,1700.0,1744.0,2681388463,1537800,201,D,1733.0,1760.0
2727,Tukafoolad.Inv.,20160815,1830.0,1750.0,1805.0,13128386710,7273350,643,D,1744.0,1807.0
2728,Tukafoolad.Inv.,20160816,1840.0,1768.0,1820.0,10664786973,5861059,365,D,1805.0,1840.0
2729,Tukafoolad.Inv.,20160817,1835.0,1774.0,1798.0,2808150526,1561808,142,D,1820.0,1803.0
2730,Tukafoolad.Inv.,20160820,1800.0,1753.0,1766.0,4496141978,2546209,213,D,1798.0,1755.0
2731,Tukafoolad.Inv.,20160821,1797.0,1740.0,1768.0,3624169560,2049559,154,D,1766.0,1790.0
2732,Tukafoolad.Inv.,20160822,1820.0,1741.0,1788.0,3493233570,1953667,237,D,1768.0,1799.0
2733,Tukafoolad.Inv.,20160823,1800.0,1740.0,1755.0,2091363151,1191503,120,D,1788.0,1740.0
2734,Tukafoolad.Inv.,20160824,1780.0,1711.0,1725.0,1977671030,1146436,117,D,1755.0,1730.0
2735,Tukafoolad.Inv.,20160827,1745.0,1700.0,1713.0,1264424732,738458,114,D,1725.0,1700.0
2736,Tukafoolad.Inv.,20160828,1780.0,1690.0,1736.0,3869699100,2228699,226,D,1713.0,1700.0
2737,Tukafoolad.Inv.,20160829,1729.0,1700.0,1728.0,42661667744,24695006,1290,D,1736.0,1720.0
2738,Tukafoolad.Inv.,20160830,1750.0,1702.0,1710.0,1580497481,924084,73,D,1728.0,1708.0
2739,Tukafoolad.Inv.,20160831,1725.0,1650.0,1692.0,1655916295,978794,105,D,1710.0,1725.0
2740,Tukafoolad.Inv.,20160903,1737.0,1650.0,1666.0,1225788812,736812,95,D,1692.0,1674.0
2741,Tukafoolad.Inv.,20160904,1719.0,1661.0,1700.0,2110844397,1241902,118,D,1666.0,1699.0
2742,Tukafoolad.Inv.,20160905,1700.0,1660.0,1674.0,1937492934,1157342,97,D,1700.0,1667.0
2743,Tukafoolad.Inv.,20160906,1749.0,1660.0,1710.0,2829054137,1654575,155,D,1674.0,1748.0
2744,Tukafoolad.Inv.,20160907,1737.0,1683.0,1701.0,729265064,430517,63,D,1710.0,1683.0
2745,Tukafoolad.Inv.,20160910,1700.0,1673.0,1692.0,3173031678,1875060,146,D,1701.0,1699.0
2746,Tukafoolad.Inv.,20160911,1700.0,1625.0,1645.0,5800559238,3525785,373,D,1692.0,1650.0
2747,Tukafoolad.Inv.,20160924,1619.0,1542.0,1601.0,5432204620,3392740,328,D,1495.0,1600.0
2748,Tukafoolad.Inv.,20160925,1650.0,1541.0,1558.0,2107753247,1352712,177,D,1601.0,1590.0
2749,Tukafoolad.Inv.,20160926,1620.0,1541.0,1591.0,1537065674,966231,158,D,1558.0,1600.0
2750,Tukafoolad.Inv.,20160927,1669.0,1547.0,1635.0,5514976467,3373070,313,D,1591.0,1668.0
2751,Tukafoolad.Inv.,20160928,1678.0,1581.0,1615.0,2777767427,1720142,184,D,1635.0,1588.0
2752,Tukafoolad.Inv.,20161001,1637.0,1570.0,1591.0,2242090037,1409136,211,D,1615.0,1573.0
2753,Tukafoolad.Inv.,20161002,1620.0,1560.0,1576.0,3740296489,2373359,199,D,1591.0,1620.0
2754,Tukafoolad.Inv.,20161003,1630.0,1550.0,1582.0,4968334871,3140892,298,D,1576.0,1565.0
2755,Tukafoolad.Inv.,20161004,1580.0,1532.0,1550.0,3713467440,2396327,268,D,1582.0,1550.0
2756,Tukafoolad.Inv.,20161005,1560.0,1500.0,1518.0,5024753155,3309275,441,D,1550.0,1518.0
2757,Tukafoolad.Inv.,20161008,1551.0,1513.0,1528.0,1328657360,869317,131,D,1518.0,1520.0
2758,Tukafoolad.Inv.,20161009,1589.0,1510.0,1549.0,1977103228,1276556,187,D,1528.0,1535.0
2759,Tukafoolad.Inv.,20161010,1574.0,1530.0,1545.0,1606584651,1040141,133,D,1549.0,1549.0
2760,Tukafoolad.Inv.,20161015,1609.0,1532.0,1569.0,3992905630,2545209,261,D,1545.0,1596.0
2761,Tukafoolad.Inv.,20161016,1615.0,1552.0,1578.0,4793359976,3038481,306,D,1569.0,1580.0
2762,Tukafoolad.Inv.,20161017,1620.0,1560.0,1600.0,3775140688,2358993,331,D,1578.0,1615.0
2763,Tukafoolad.Inv.,20161018,1625.0,1582.0,1608.0,1270649694,790215,122,D,1600.0,1619.0
2764,Tukafoolad.Inv.,20161019,1650.0,1600.0,1621.0,5522246353,3406001,357,D,1608.0,1620.0
2765,Tukafoolad.Inv.,20161022,1605.0,1545.0,1566.0,3872746036,2473404,296,D,1621.0,1556.0
2766,Tukafoolad.Inv.,20161023,1600.0,1547.0,1568.0,1159802062,739840,154,D,1566.0,1550.0
2767,Tukafoolad.Inv.,20161024,1580.0,1540.0,1551.0,1945495175,1254533,195,D,1568.0,1552.0
2768,Tukafoolad.Inv.,20161025,1580.0,1545.0,1563.0,2210147210,1414413,199,D,1551.0,1564.0
2769,Tukafoolad.Inv.,20161026,1590.0,1554.0,1567.0,5954517881,3800369,329,D,1563.0,1579.0
2770,Tukafoolad.Inv.,20161029,1580.0,1543.0,1557.0,5424329523,3483115,422,D,1567.0,1550.0
2771,Tukafoolad.Inv.,20161030,1572.0,1531.0,1547.0,2621536246,1694261,269,D,1557.0,1540.0
2772,Tukafoolad.Inv.,20161031,1550.0,1510.0,1522.0,3369293404,2213901,321,D,1547.0,1512.0
2773,Tukafoolad.Inv.,20161101,1525.0,1451.0,1487.0,5882809867,3957243,591,D,1522.0,1465.0
2774,Tukafoolad.Inv.,20161112,1442.0,1401.0,1426.0,1249911195,876809,78,D,1374.0,1440.0
2775,Tukafoolad.Inv.,20161113,1424.0,1355.0,1380.0,3525407494,2554390,290,D,1426.0,1365.0
2776,Tukafoolad.Inv.,20161114,1385.0,1333.0,1356.0,2227547811,1642155,238,D,1380.0,1360.0
2777,Tukafoolad.Inv.,20161115,1395.0,1350.0,1382.0,1730645110,1252474,169,D,1356.0,1370.0
2778,Tukafoolad.Inv.,20170116,1349.0,1313.0,1332.0,1998187808,1500459,180,D,1382.0,1313.0
2779,Tukafoolad.Inv.,20170117,1299.0,1268.0,1276.0,8580066717,6723926,519,D,1332.0,1287.0
2780,Tukafoolad.Inv.,20170118,1309.0,1273.0,1294.0,1895899626,1465358,185,D,1276.0,1285.0
2781,Tukafoolad.Inv.,20170121,1295.0,1247.0,1259.0,1527228024,1213064,130,D,1294.0,1247.0
2782,Tukafoolad.Inv.,20170122,1290.0,1200.0,1221.0,1759031729,1440078,219,D,1259.0,1210.0
2783,Tukafoolad.Inv.,20170123,1259.0,1240.0,1252.0,1784673167,1425918,210,D,1221.0,1255.0
2784,Tukafoolad.Inv.,20170124,1281.0,1231.0,1253.0,2645275377,2111940,244,D,1252.0,1243.0
2785,Tukafoolad.Inv.,20170125,1274.0,1234.0,1247.0,1609351842,1290818,151,D,1253.0,1250.0
2786,Tukafoolad.Inv.,20170128,1255.0,1200.0,1222.0,1013086279,833087,155,D,1247.0,1220.0
2787,Tukafoolad.Inv.,20170129,1283.0,1202.0,1267.0,3505222927,2766923,329,D,1222.0,1283.0
2788,Tukafoolad.Inv.,20170130,1330.0,1290.0,1330.0,8730829170,6565184,290,D,1267.0,1330.0
2789,Tukafoolad.Inv.,20170131,1396.0,1302.0,1380.0,18556335573,13450052,757,D,1330.0,1325.0
2790,Tukafoolad.Inv.,20170201,1344.0,1311.0,1315.0,1763627550,1340802,144,D,1380.0,1311.0
2791,Tukafoolad.Inv.,20170204,1295.0,1250.0,1250.0,1613369371,1290493,103,D,1315.0,1250.0
2792,Tukafoolad.Inv.,20170205,1287.0,1191.0,1243.0,4678409854,3763734,391,D,1250.0,1268.0
2793,Tukafoolad.Inv.,20170206,1278.0,1219.0,1245.0,1171145822,940161,128,D,1243.0,1250.0
2794,Tukafoolad.Inv.,20170207,1231.0,1212.0,1220.0,1444882254,1184551,170,D,1245.0,1215.0
2795,Tukafoolad.Inv.,20170208,1240.0,1183.0,1200.0,1745256309,1453799,193,D,1220.0,1200.0
2796,Tukafoolad.Inv.,20170211,1230.0,1181.0,1194.0,1213494448,1016460,148,D,1200.0,1185.0
2797,Tukafoolad.Inv.,20170212,1199.0,1152.0,1167.0,1354449437,1160871,177,D,1194.0,1174.0
2798,Tukafoolad.Inv.,20170213,1195.0,1156.0,1169.0,567012718,484215,119,D,1167.0,1172.0
2799,Tukafoolad.Inv.,20170214,1188.0,1163.0,1169.0,952697980,814845,113,D,1169.0,1170.0
2800,Tukafoolad.Inv.,20170215,1204.0,1166.0,1190.0,3899304801,3277105,238,D,1169.0,1190.0
2801,Tukafoolad.Inv.,20170218,1223.0,1176.0,1196.0,1856686176,1551818,167,D,1190.0,1182.0
2802,Tukafoolad.Inv.,20170219,1214.0,1159.0,1169.0,2633234884,2252392,196,D,1196.0,1160.0
2803,Tukafoolad.Inv.,20170220,1188.0,1146.0,1160.0,2115742634,1823372,208,D,1169.0,1146.0
2804,Tukafoolad.Inv.,20170221,1177.0,1150.0,1158.0,2041009823,1762692,218,D,1160.0,1162.0
2805,Tukafoolad.Inv.,20170222,1180.0,1150.0,1158.0,2288309518,1976558,217,D,1158.0,1152.0
2806,Tukafoolad.Inv.,20170225,1168.0,1136.0,1148.0,2153100488,1875370,192,D,1158.0,1149.0
2807,Tukafoolad.Inv.,20170226,1185.0,1145.0,1162.0,2614016112,2249235,272,D,1148.0,1157.0
2808,Tukafoolad.Inv.,20170227,1186.0,1151.0,1170.0,3750785589,3206250,269,D,1162.0,1185.0
2809,Tukafoolad.Inv.,20170228,1228.0,1171.0,1211.0,4273985073,3530356,290,D,1170.0,1228.0
2810,Tukafoolad.Inv.,20170301,1271.0,1237.0,1269.0,26951609360,21237414,1102,D,1211.0,1255.0
2811,Tukafoolad.Inv.,20170304,1259.0,1220.0,1233.0,4725508510,3833392,306,D,1269.0,1221.0
2812,Tukafoolad.Inv.,20170305,1249.0,1217.0,1225.0,3331615806,2720101,312,D,1233.0,1220.0
2813,Tukafoolad.Inv.,20170306,1259.0,1208.0,1248.0,3504579696,2807121,257,D,1225.0,1250.0
2814,Tukafoolad.Inv.,20170307,1250.0,1230.0,1237.0,3311067901,2676647,198,D,1248.0,1240.0
2815,Tukafoolad.Inv.,20170308,1247.0,1181.0,1215.0,9082651426,7473875,335,D,1237.0,1181.0
2816,Tukafoolad.Inv.,20170311,1229.0,1200.0,1200.0,17547719219,14617484,843,D,1215.0,1205.0
2817,Tukafoolad.Inv.,20170312,1240.0,1202.0,1219.0,1380891443,1132861,131,D,1200.0,1202.0
2818,Tukafoolad.Inv.,20170313,1239.0,1206.0,1210.0,1441417171,1190925,86,D,1219.0,1214.0
2819,Tukafoolad.Inv.,20170314,1238.0,1201.0,1212.0,2161181601,1783168,119,D,1210.0,1205.0
2820,Tukafoolad.Inv.,20170429,1272.0,1233.0,1267.0,3282813980,2591021,209,D,1212.0,1272.0
2821,Tukafoolad.Inv.,20170430,1330.0,1280.0,1324.0,15406229265,11632557,908,D,1267.0,1330.0
2822,Tukafoolad.Inv.,20170501,1325.0,1258.0,1274.0,7035784785,5522287,437,D,1324.0,1310.0
2823,Tukafoolad.Inv.,20170502,1332.0,1277.0,1311.0,3230925310,2463595,248,D,1274.0,1290.0
2824,Tukafoolad.Inv.,20170503,1300.0,1259.0,1272.0,2953109888,2322479,245,D,1311.0,1264.0
2825,Tukafoolad.Inv.,20170506,1300.0,1220.0,1242.0,1661737079,1338283,189,D,1272.0,1220.0
2826,Tukafoolad.Inv.,20170507,1251.0,1211.0,1221.0,2151956473,1762252,191,D,1242.0,1213.0
2827,Tukafoolad.Inv.,20170508,1230.0,1201.0,1216.0,1035030577,852116,134,D,1221.0,1205.0
2828,Tukafoolad.Inv.,20170509,1230.0,1184.0,1196.0,1899858026,1588066,161,D,1216.0,1210.0
2829,Tukafoolad.Inv.,20170510,1220.0,1181.0,1196.0,1318341137,1102183,125,D,1196.0,1193.0
2830,Tukafoolad.Inv.,20170513,1225.0,1184.0,1200.0,962769013,801249,100,D,1196.0,1195.0
2831,Tukafoolad.Inv.,20170514,1200.0,1177.0,1195.0,4595114551,3844369,149,D,1200.0,1200.0
2832,Tukafoolad.Inv.,20170515,1200.0,1179.0,1194.0,856088667,717141,81,D,1195.0,1179.0
2833,Tukafoolad.Inv.,20170516,1200.0,1180.0,1191.0,791659605,665758,69,D,1194.0,1191.0
2834,Tukafoolad.Inv.,20170517,1250.0,1190.0,1230.0,3337196976,2714191,315,D,1191.0,1235.0
2835,Tukafoolad.Inv.,20170520,1291.0,1250.0,1289.0,5206124851,4039367,311,D,1230.0,1287.0
2836,Tukafoolad.Inv.,20170521,1288.0,1240.0,1251.0,4113400877,3288263,208,D,1289.0,1240.0
2837,Tukafoolad.Inv.,20170522,1313.0,1225.0,1310.0,23452872380,17905612,951,D,1251.0,1309.0
2838,Tukafoolad.Inv.,20170523,1338.0,1264.0,1295.0,6225997967,4806042,342,D,1310.0,1290.0
2839,Tukafoolad.Inv.,20170524,1309.0,1266.0,1287.0,3822323196,2970015,283,D,1295.0,1300.0
2840,Tukafoolad.Inv.,20170527,1300.0,1254.0,1273.0,2865601450,2251799,157,D,1287.0,1254.0
2841,Tukafoolad.Inv.,20170528,1294.0,1235.0,1262.0,2102320281,1665272,184,D,1273.0,1280.0
2842,Tukafoolad.Inv.,20170529,1298.0,1240.0,1259.0,4976890361,3953757,217,D,1262.0,1251.0
2843,Tukafoolad.Inv.,20170530,1277.0,1246.0,1256.0,1150064762,915591,87,D,1259.0,1251.0
2844,Tukafoolad.Inv.,20170531,1276.0,1254.0,1257.0,416031816,330199,47,D,1256.0,1260.0
2845,Tukafoolad.Inv.,20170603,1280.0,1248.0,1261.0,1182306428,937319,87,D,1257.0,1256.0
2846,Tukafoolad.Inv.,20170606,1258.0,1240.0,1249.0,1272850199,1019511,74,D,1261.0,1240.0
2847,Tukafoolad.Inv.,20170607,1250.0,1190.0,1215.0,1994038966,1641579,141,D,1249.0,1246.0
2848,Tukafoolad.Inv.,20170610,1258.0,1186.0,1201.0,1713219368,1426032,210,D,1215.0,1187.0
2849,Tukafoolad.Inv.,20170611,1200.0,1170.0,1187.0,810916052,687095,125,D,1201.0,1178.0
2850,Tukafoolad.Inv.,20170612,1200.0,1169.0,1175.0,1959493955,1667881,148,D,1187.0,1190.0
2851,Tukafoolad.Inv.,20170613,1180.0,1160.0,1168.0,1445313589,1237603,123,D,1175.0,1180.0
2852,Tukafoolad.Inv.,20170614,1189.0,1160.0,1169.0,3113687240,2664182,181,D,1168.0,1170.0
2853,Tukafoolad.Inv.,20170617,1174.0,1141.0,1158.0,6186589893,5343736,327,D,1169.0,1154.0
2854,Tukafoolad.Inv.,20170703,1117.0,1080.0,1097.0,3809380451,3472261,320,D,1038.0,1086.0
2855,Tukafoolad.Inv.,20170704,1098.0,1043.0,1052.0,3731207147,3545447,268,D,1097.0,1043.0
2856,Tukafoolad.Inv.,20170705,1104.0,1031.0,1090.0,5375314633,4932846,420,D,1052.0,1104.0
2857,Tukafoolad.Inv.,20170708,1131.0,1087.0,1115.0,2342716793,2100804,194,D,1090.0,1102.0
2858,Tukafoolad.Inv.,20170709,1120.0,1095.0,1105.0,1264079160,1144048,83,D,1115.0,1099.0
2859,Tukafoolad.Inv.,20170710,1128.0,1095.0,1113.0,2524642734,2267580,135,D,1105.0,1105.0
2860,Tukafoolad.Inv.,20170711,1126.0,1092.0,1101.0,984267334,895530,83,D,1113.0,1110.0
2861,Tukafoolad.Inv.,20170712,1110.0,1090.0,1100.0,438352229,399353,60,D,1101.0,1100.0
2862,Tukafoolad.Inv.,20170715,1122.0,1090.0,1103.0,2306126818,2090875,145,D,1100.0,1090.0
2863,Tukafoolad.Inv.,20170716,1095.0,1078.0,1083.0,1531667422,1414709,102,D,1103.0,1086.0
2864,Tukafoolad.Inv.,20170717,1082.0,1073.0,1077.0,1086274856,1008416,89,D,1083.0,1073.0
2865,Tukafoolad.Inv.,20170718,1120.0,1075.0,1092.0,2394333124,2192889,209,D,1077.0,1088.0
2866,Tukafoolad.Inv.,20170719,1146.0,1086.0,1134.0,5318304016,4688729,244,D,1092.0,1146.0
2867,Tukafoolad.Inv.,20170722,1170.0,1140.0,1156.0,3141303616,2716818,256,D,1134.0,1149.0
2868,Tukafoolad.Inv.,20170723,1213.0,1150.0,1189.0,6336769145,5329015,469,D,1156.0,1211.0
2869,Tukafoolad.Inv.,20170724,1238.0,1190.0,1218.0,3023445641,2483280,221,D,1189.0,1199.0
2870,Tukafoolad.Inv.,20170725,1199.0,1161.0,1173.0,1752780122,1494800,194,D,1218.0,1167.0
2871,Tukafoolad.Inv.,20170726,1190.0,1138.0,1169.0,1872300986,1602051,141,D,1173.0,1146.0
2872,Tukafoolad.Inv.,20170729,1150.0,1125.0,1150.0,870933328,761652,68,D,1169.0,1141.0
2873,Tukafoolad.Inv.,20170730,1172.0,1130.0,1155.0,1057882860,915699,104,D,1150.0,1155.0
2874,Tukafoolad.Inv.,20170731,1160.0,1138.0,1149.0,1170586923,1019326,95,D,1155.0,1150.0
2875,Tukafoolad.Inv.,20170801,1150.0,1130.0,1138.0,963360219,848609,80,D,1149.0,1130.0
2876,Tukafoolad.Inv.,20170802,1145.0,1110.0,1119.0,1854699750,1657324,126,D,1138.0,1120.0
2877,Tukafoolad.Inv.,20170806,1129.0,1101.0,1111.0,2070498724,1862956,148,D,1119.0,1101.0
2878,Tukafoolad.Inv.,20170807,1114.0,1090.0,1104.0,1797466316,1628462,128,D,1111.0,1110.0
2879,Tukafoolad.Inv.,20170808,1120.0,1102.0,1109.0,786435967,707682,75,D,1104.0,1113.0
2880,Tukafoolad.Inv.,20170809,1119.0,1105.0,1112.0,712936119,639878,69,D,1109.0,1116.0
2881,Tukafoolad.Inv.,20170812,1129.0,1095.0,1115.0,1194598247,1071023,106,D,1112.0,1100.0
2882,Tukafoolad.Inv.,20170813,1110.0,1083.0,1103.0,719949184,657189,70,D,1115.0,1084.0
2883,Tukafoolad.Inv.,20170814,1094.0,1070.0,1075.0,1680351712,1562945,148,D,1103.0,1080.0
2884,Tukafoolad.Inv.,20170815,1080.0,1067.0,1074.0,497982142,464172,53,D,1075.0,1080.0
2885,Tukafoolad.Inv.,20170816,1099.0,1074.0,1076.0,240931483,222195,38,D,1074.0,1078.0
2886,Tukafoolad.Inv.,20170819,1091.0,1061.0,1070.0,1999223923,1868788,165,D,1076.0,1061.0
2887,Tukafoolad.Inv.,20170820,1085.0,1060.0,1076.0,1272836864,1182741,86,D,1070.0,1072.0
2888,Tukafoolad.Inv.,20170821,1085.0,1062.0,1070.0,995446541,930852,132,D,1076.0,1080.0
2889,Tukafoolad.Inv.,20170822,1098.0,1064.0,1078.0,1607987895,1491077,195,D,1070.0,1080.0
2890,Tukafoolad.Inv.,20170823,1131.0,1090.0,1115.0,6952907890,6233479,408,D,1078.0,1131.0
2891,Tukafoolad.Inv.,20170826,1170.0,1155.0,1168.0,7733677873,6620566,471,D,1115.0,1170.0
2892,Tukafoolad.Inv.,20170827,1188.0,1120.0,1140.0,2765909443,2425200,236,D,1168.0,1140.0
2893,Tukafoolad.Inv.,20170828,1149.0,1113.0,1131.0,1006256925,891152,88,D,1140.0,1116.0
2894,Tukafoolad.Inv.,20170829,1162.0,1130.0,1151.0,1790411208,1555951,161,D,1131.0,1143.0
2895,Tukafoolad.Inv.,20170830,1150.0,1107.0,1117.0,1814139798,1623683,136,D,1151.0,1107.0
2896,Tukafoolad.Inv.,20170902,1128.0,1096.0,1106.0,741715859,674418,85,D,1117.0,1096.0
2897,Tukafoolad.Inv.,20170903,1106.0,1091.0,1100.0,700310624,638399,83,D,1106.0,1092.0
2898,Tukafoolad.Inv.,20170904,1110.0,1080.0,1091.0,930876276,854595,65,D,1100.0,1088.0
2899,Tukafoolad.Inv.,20170905,1130.0,1080.0,1100.0,1582068997,1438884,122,D,1091.0,1091.0
2900,Tukafoolad.Inv.,20170906,1128.0,1092.0,1108.0,929876230,837749,63,D,1100.0,1094.0
2901,Tukafoolad.Inv.,20170910,1114.0,1082.0,1106.0,160951483,147326,30,D,1108.0,1082.0
2902,Tukafoolad.Inv.,20170911,1107.0,1077.0,1092.0,934510659,858479,84,D,1106.0,1080.0
2903,Tukafoolad.Inv.,20170912,1089.0,1070.0,1081.0,692087606,644041,110,D,1092.0,1080.0
2904,Tukafoolad.Inv.,20170913,1100.0,1070.0,1082.0,859854031,794342,99,D,1081.0,1078.0
2905,Tukafoolad.Inv.,20170916,1089.0,1076.0,1080.0,709992142,658014,65,D,1082.0,1081.0
2906,Tukafoolad.Inv.,20170917,1099.0,1066.0,1075.0,2325688469,2163757,191,D,1080.0,1068.0
2907,Tukafoolad.Inv.,20170918,1091.0,1073.0,1080.0,1102220059,1020680,108,D,1075.0,1082.0
2908,Tukafoolad.Inv.,20170919,1118.0,1080.0,1091.0,876313846,800622,105,D,1080.0,1082.0
2909,Tukafoolad.Inv.,20170920,1108.0,1083.0,1094.0,1128130306,1031568,85,D,1091.0,1096.0
2910,Tukafoolad.Inv.,20170923,1103.0,1083.0,1091.0,862131858,791363,89,D,1094.0,1084.0
2911,Tukafoolad.Inv.,20170924,1097.0,1074.0,1088.0,360899996,333483,51,D,1091.0,1085.0
2912,Tukafoolad.Inv.,20170925,1091.0,1078.0,1086.0,496705027,458354,65,D,1088.0,1082.0
2913,Tukafoolad.Inv.,20170926,1088.0,1071.0,1080.0,823320664,763881,104,D,1086.0,1079.0
2914,Tukafoolad.Inv.,20170927,1086.0,1071.0,1077.0,858153289,797274,76,D,1080.0,1079.0
2915,Tukafoolad.Inv.,20171002,1079.0,1070.0,1074.0,1317773126,1226700,123,D,1077.0,1070.0
2916,Tukafoolad.Inv.,20171003,1074.0,1049.0,1060.0,1350841295,1273927,128,D,1074.0,1070.0
2917,Tukafoolad.Inv.,20171004,1074.0,1055.0,1063.0,715056801,671905,114,D,1060.0,1060.0
2918,Tukafoolad.Inv.,20171007,1089.0,1041.0,1074.0,1982095176,1845990,162,D,1063.0,1088.0
2919,Tukafoolad.Inv.,20171008,1078.0,1031.0,1049.0,1464698189,1396809,116,D,1074.0,1038.0
2920,Tukafoolad.Inv.,20171009,1077.0,1044.0,1058.0,914313995,862306,92,D,1049.0,1077.0
2921,Tukafoolad.Inv.,20171010,1075.0,1043.0,1055.0,411616065,392168,67,D,1058.0,1051.0
2922,Tukafoolad.Inv.,20171011,1052.0,1039.0,1053.0,321629923,307319,36,D,1055.0,1050.0
2923,Tukafoolad.Inv.,20171014,1078.0,1050.0,1055.0,765732318,725415,73,D,1053.0,1067.0
2924,Tukafoolad.Inv.,20171015,1050.0,1035.0,1044.0,854354786,821149,114,D,1055.0,1050.0
2925,Tukafoolad.Inv.,20171016,1060.0,1043.0,1046.0,387041921,369018,63,D,1044.0,1050.0
2926,Tukafoolad.Inv.,20171017,1050.0,1036.0,1046.0,499668229,477547,59,D,1046.0,1036.0
2927,Tukafoolad.Inv.,20171018,1049.0,1025.0,1032.0,1278055906,1237910,180,D,1046.0,1032.0
2928,Tukafoolad.Inv.,20171021,1083.0,1044.0,1080.0,5545134741,5134506,477,D,1032.0,1083.0
2929,Tukafoolad.Inv.,20171022,1090.0,1026.0,1030.0,14445704850,14018217,940,D,1080.0,1041.0
2930,Tukafoolad.Inv.,20171023,1048.0,1031.0,1038.0,841281233,808986,111,D,1030.0,1037.0
2931,Tukafoolad.Inv.,20171024,1038.0,1020.0,1030.0,878926452,854428,136,D,1038.0,1020.0
2932,Tukafoolad.Inv.,20171025,1052.0,1012.0,1031.0,1564998253,1518532,157,D,1030.0,1035.0
2933,Tukafoolad.Inv.,20171028,1049.0,1001.0,1026.0,2103821181,2051218,162,D,1031.0,1024.0
2934,Tukafoolad.Inv.,20171029,1028.0,1000.0,1013.0,957517996,946168,120,D,1026.0,1010.0
2935,Tukafoolad.Inv.,20171030,1020.0,998.0,1003.0,1953413191,1948495,190,D,1013.0,1011.0
2936,Tukafoolad.Inv.,20171031,1020.0,979.0,993.0,2698177887,2717961,235,D,1003.0,1000.0
2937,Tukafoolad.Inv.,20171101,1014.0,989.0,1000.0,948295320,947218,120,D,993.0,1000.0
2938,Tukafoolad.Inv.,20171104,1001.0,990.0,994.0,1590119326,1600182,134,D,1000.0,997.0
2939,Tukafoolad.Inv.,20171105,999.0,987.0,994.0,1376984804,1384742,97,D,994.0,996.0
2940,Tukafoolad.Inv.,20171106,998.0,987.0,990.0,986171167,996258,63,D,994.0,987.0
2941,Tukafoolad.Inv.,20171107,989.0,984.0,988.0,756959914,766961,67,D,990.0,989.0
2942,Tukafoolad.Inv.,20171108,990.0,983.0,986.0,583801370,592758,75,D,988.0,990.0
2943,Tukafoolad.Inv.,20171111,988.0,969.0,976.0,2036203011,2085382,163,D,986.0,970.0
2944,Tukafoolad.Inv.,20171112,1019.0,966.0,985.0,1495778527,1518641,150,D,976.0,1000.0
2945,Tukafoolad.Inv.,20171113,1025.0,980.0,1014.0,1164472987,1148643,122,D,985.0,1014.0
2946,Tukafoolad.Inv.,20171114,1025.0,1010.0,1018.0,866880311,851309,103,D,1014.0,1020.0
2947,Tukafoolad.Inv.,20171115,1028.0,972.0,991.0,1472844313,1486123,131,D,1018.0,1007.0
2948,Tukafoolad.Inv.,20171118,1000.0,983.0,991.0,998413696,1007869,76,D,991.0,985.0
2949,Tukafoolad.Inv.,20171120,1003.0,985.0,995.0,873179992,877220,63,D,991.0,990.0
2950,Tukafoolad.Inv.,20171121,999.0,980.0,986.0,1297774839,1316396,83,D,995.0,986.0
2951,Tukafoolad.Inv.,20171122,1009.0,986.0,993.0,917435812,923009,78,D,986.0,986.0
2952,Tukafoolad.Inv.,20171125,1009.0,980.0,998.0,626866196,626568,68,D,993.0,1005.0
2953,Tukafoolad.Inv.,20171126,1023.0,1000.0,1012.0,999135328,986709,85,D,998.0,1013.0
2954,Tukafoolad.Inv.,20171128,1022.0,993.0,1004.0,1306252526,1301490,142,D,1012.0,1010.0
2955,Tukafoolad.Inv.,20171129,1015.0,990.0,998.0,807219926,809872,82,D,1004.0,1006.0
2956,Tukafoolad.Inv.,20171202,1036.0,983.0,1018.0,1708693415,1678844,173,D,998.0,1020.0
2957,Tukafoolad.Inv.,20171203,1020.0,989.0,1001.0,850556529,852605,77,D,1018.0,990.0
2958,Tukafoolad.Inv.,20171204,1000.0,992.0,999.0,374788056,376215,47,D,1001.0,993.0
2959,Tukafoolad.Inv.,20171205,993.0,979.0,983.0,1150835656,1170692,148,D,999.0,980.0
2960,Tukafoolad.Inv.,20171209,996.0,980.0,984.0,365396425,371134,56,D,983.0,982.0
2961,Tukafoolad.Inv.,20171210,990.0,977.0,981.0,1634803206,1667187,90,D,984.0,987.0
2962,Tukafoolad.Inv.,20171211,985.0,967.0,975.0,1544974126,1585031,148,D,981.0,980.0
2963,Tukafoolad.Inv.,20171212,991.0,968.0,973.0,1731427632,1779120,134,D,975.0,977.0
2964,Tukafoolad.Inv.,20171213,1005.0,981.0,995.0,2496086780,2509237,209,D,973.0,996.0
2965,Tukafoolad.Inv.,20171216,1020.0,1000.0,1008.0,3953822102,3922777,347,D,995.0,1020.0
2966,Tukafoolad.Inv.,20171217,1058.0,1022.0,1053.0,10840624941,10294948,526,D,1008.0,1058.0
2967,Tukafoolad.Inv.,20171218,1077.0,1025.0,1047.0,3567555926,3407442,326,D,1053.0,1037.0
2968,Tukafoolad.Inv.,20171219,1064.0,1021.0,1039.0,2774049228,2669862,255,D,1047.0,1032.0
2969,Tukafoolad.Inv.,20171220,1034.0,1015.0,1025.0,2518923801,2456877,227,D,1039.0,1026.0
2970,Tukafoolad.Inv.,20171223,1045.0,1000.0,1022.0,3463901818,3387838,313,D,1025.0,1043.0
2971,Tukafoolad.Inv.,20171224,1047.0,1020.0,1030.0,1407494892,1366476,165,D,1022.0,1021.0
2972,Tukafoolad.Inv.,20171225,1030.0,1010.0,1016.0,1157217812,1138448,165,D,1030.0,1013.0
2973,Tukafoolad.Inv.,20171226,1025.0,1004.0,1009.0,1600768529,1587043,187,D,1016.0,1010.0
2974,Tukafoolad.Inv.,20171227,1015.0,1000.0,1003.0,2335413375,2327493,196,D,1009.0,1005.0
2975,Tukafoolad.Inv.,20171230,1005.0,979.0,991.0,1756810659,1772209,202,D,1003.0,994.0
2976,Tukafoolad.Inv.,20171231,990.0,942.0,955.0,4747419432,4968947,366,D,991.0,958.0
2977,Tukafoolad.Inv.,20180101,987.0,970.0,975.0,998777675,1024231,118,D,955.0,979.0
2978,Tukafoolad.Inv.,20180102,984.0,970.0,972.0,752192765,774435,86,D,975.0,971.0
2979,Tukafoolad.Inv.,20180103,974.0,960.0,965.0,812655028,843601,93,D,972.0,964.0
2980,Tukafoolad.Inv.,20180106,975.0,960.0,965.0,470210227,486967,67,D,965.0,968.0
2981,Tukafoolad.Inv.,20180107,984.0,965.0,970.0,358779350,366218,74,D,965.0,983.0
2982,Tukafoolad.Inv.,20180108,1006.0,985.0,1002.0,2958278809,2953830,236,D,970.0,1000.0
2983,Tukafoolad.Inv.,20180109,999.0,980.0,982.0,3622895103,3690644,262,D,1002.0,989.0
2984,Tukafoolad.Inv.,20180110,1000.0,984.0,990.0,497610451,498651,84,D,982.0,999.0
2985,Tukafoolad.Inv.,20180113,1012.0,995.0,1010.0,1036625290,1026497,83,D,990.0,1007.0
2986,Tukafoolad.Inv.,20180114,1015.0,1002.0,1006.0,1961144293,1949743,171,D,1010.0,1002.0
2987,Tukafoolad.Inv.,20180115,1005.0,984.0,993.0,1168425616,1176457,107,D,1006.0,990.0
2988,Tukafoolad.Inv.,20180116,1010.0,982.0,988.0,1623888374,1643769,144,D,993.0,1010.0
2989,Tukafoolad.Inv.,20180117,1008.0,980.0,983.0,1141071115,1160365,112,D,988.0,984.0
2990,Tukafoolad.Inv.,20180120,998.0,983.0,985.0,374890777,378792,63,D,983.0,984.0
2991,Tukafoolad.Inv.,20180121,982.0,953.0,960.0,1203510297,1253592,142,D,985.0,955.0
2992,Tukafoolad.Inv.,20180122,978.0,950.0,954.0,1440237589,1509361,143,D,960.0,960.0
2993,Tukafoolad.Inv.,20180123,999.0,945.0,957.0,7460193640,7793463,270,D,954.0,998.0
2994,Tukafoolad.Inv.,20180124,995.0,950.0,969.0,10837745956,11182562,565,D,957.0,970.0
2995,Tukafoolad.Inv.,20180127,975.0,947.0,953.0,2249750644,2360640,183,D,969.0,960.0
2996,Tukafoolad.Inv.,20180128,964.0,939.0,941.0,11133248894,11828241,674,D,953.0,939.0
2997,Tukafoolad.Inv.,20180129,959.0,910.0,921.0,5822408430,6318587,489,D,941.0,911.0
2998,Tukafoolad.Inv.,20180130,930.0,917.0,921.0,629196581,683270,123,D,921.0,920.0
2999,Tukafoolad.Inv.,20180131,924.0,903.0,915.0,843451887,922025,98,D,921.0,917.0
3000,Tukafoolad.Inv.,20180203,935.0,903.0,906.0,1232488040,1360443,117,D,915.0,909.0
3001,Tukafoolad.Inv.,20180204,920.0,900.0,905.0,1627936149,1798087,204,D,906.0,903.0
3002,Tukafoolad.Inv.,20180205,911.0,887.0,892.0,3103787046,3480734,380,D,905.0,889.0
3003,Tukafoolad.Inv.,20180206,889.0,876.0,882.0,1647547900,1868439,236,D,892.0,886.0
3004,Tukafoolad.Inv.,20180207,908.0,877.0,897.0,797906422,887506,154,D,882.0,900.0
3005,Tukafoolad.Inv.,20180210,895.0,888.0,896.0,200751123,225354,52,D,897.0,893.0
3006,Tukafoolad.Inv.,20180212,906.0,852.0,881.0,1836000411,2085087,196,D,896.0,874.0
3007,Tukafoolad.Inv.,20180213,883.0,850.0,871.0,1396934424,1603454,170,D,881.0,876.0
3008,Tukafoolad.Inv.,20180214,913.0,877.0,896.0,2429746470,2712776,251,D,871.0,912.0
3009,Tukafoolad.Inv.,20180217,918.0,890.0,901.0,1873158783,2077885,188,D,896.0,891.0
3010,Tukafoolad.Inv.,20180218,899.0,880.0,891.0,828400872,930622,95,D,901.0,895.0
3011,Tukafoolad.Inv.,20180219,905.0,900.0,892.0,54519170,60554,7,D,891.0,901.0
3012,Tukafoolad.Inv.,20180306,930.0,884.0,902.0,3053043741,3386284,289,D,892.0,908.0
3013,Tukafoolad.Inv.,20180307,881.0,864.0,873.0,757463539,873467,127,D,902.0,864.0
3014,Tukafoolad.Inv.,20180310,870.0,839.0,849.0,4550867658,5357757,388,D,873.0,841.0
3015,Tukafoolad.Inv.,20180311,891.0,845.0,880.0,1381665355,1570180,154,D,849.0,891.0
3016,Tukafoolad.Inv.,20180312,924.0,890.0,923.0,21861335316,23695919,851,D,880.0,916.0
3017,Tukafoolad.Inv.,20180313,930.0,880.0,901.0,1553162468,1723060,166,D,923.0,883.0
3018,Tukafoolad.Inv.,20180314,916.0,880.0,901.0,1244068188,1380365,125,D,901.0,883.0
3019,Tukafoolad.Inv.,20180317,909.0,863.0,888.0,4063294032,4575470,246,D,901.0,890.0
3020,Tukafoolad.Inv.,20180318,920.0,888.0,901.0,1757010027,1949318,197,D,888.0,910.0
3021,Tukafoolad.Inv.,20180319,930.0,900.0,919.0,2284493294,2484867,194,D,901.0,920.0
3022,Tukafoolad.Inv.,20180325,964.0,920.0,959.0,9046036537,9432141,569,D,919.0,964.0
3023,Tukafoolad.Inv.,20180326,1004.0,962.0,993.0,7190121306,7241195,482,D,959.0,978.0
3024,Tukafoolad.Inv.,20180327,1029.0,971.0,1008.0,6617259885,6561945,535,D,993.0,1010.0
3025,Tukafoolad.Inv.,20180328,1020.0,980.0,987.0,2676114071,2712567,221,D,1008.0,980.0
3026,Tukafoolad.Inv.,20180403,1036.0,980.0,1022.0,5732832488,5608342,499,D,987.0,1036.0
3027,Tukafoolad.Inv.,20180404,1073.0,1040.0,1068.0,21040664870,19709424,1294,D,1022.0,1073.0
3028,Tukafoolad.Inv.,20180407,1100.0,1024.0,1061.0,6406312815,6036417,563,D,1068.0,1043.0
3029,Tukafoolad.Inv.,20180408,1099.0,1025.0,1071.0,24440412420,22810817,1284,D,1061.0,1092.0
3030,Tukafoolad.Inv.,20180409,1099.0,1035.0,1071.0,7768936015,7252258,588,D,1071.0,1039.0
3031,Tukafoolad.Inv.,20180410,1056.0,1025.0,1036.0,3115922222,3007524,274,D,1071.0,1037.0
3032,Tukafoolad.Inv.,20180411,1050.0,985.0,999.0,2758340845,2760053,284,D,1036.0,985.0
3033,Tukafoolad.Inv.,20180415,1010.0,952.0,980.0,2301229719,2348431,150,D,999.0,960.0
3034,Tukafoolad.Inv.,20180416,988.0,931.0,939.0,3588038937,3822808,333,D,980.0,945.0
3035,Tukafoolad.Inv.,20180417,965.0,940.0,947.0,1240793832,1310333,164,D,939.0,944.0
3036,Tukafoolad.Inv.,20180418,994.0,950.0,987.0,6581119150,6665256,432,D,947.0,980.0
3037,Tukafoolad.Inv.,20180421,1036.0,1001.0,1032.0,5170483901,5011506,278,D,987.0,1036.0
3038,Tukafoolad.Inv.,20180422,1083.0,1030.0,1067.0,14537752011,13623029,962,D,1032.0,1047.0
3039,Tukafoolad.Inv.,20180423,1070.0,1025.0,1045.0,3358665619,3215385,294,D,1067.0,1030.0
3040,Tukafoolad.Inv.,20180424,1044.0,1000.0,1018.0,4277555032,4201163,267,D,1045.0,1009.0
3041,Tukafoolad.Inv.,20180425,1021.0,975.0,991.0,5862366347,5914900,401,D,1018.0,1011.0
3042,Tukafoolad.Inv.,20180428,1008.0,971.0,991.0,1395937480,1408292,153,D,991.0,980.0
3043,Tukafoolad.Inv.,20180429,994.0,942.0,950.0,3137313601,3303501,285,D,991.0,942.0
3044,Tukafoolad.Inv.,20180430,965.0,916.0,938.0,3222716652,3436623,202,D,950.0,933.0
3045,Tukafoolad.Inv.,20180501,971.0,925.0,950.0,4908521922,5167837,278,D,938.0,941.0
3046,Tukafoolad.Inv.,20180505,943.0,920.0,923.0,1505579534,1631522,143,D,950.0,920.0
3047,Tukafoolad.Inv.,20180506,930.0,904.0,912.0,1293541540,1417680,109,D,923.0,916.0
3048,Tukafoolad.Inv.,20180507,957.0,914.0,951.0,2537172326,2667548,165,D,912.0,957.0
3049,Tukafoolad.Inv.,20180508,995.0,945.0,976.0,3386508848,3471431,266,D,951.0,960.0
3050,Tukafoolad.Inv.,20180509,953.0,928.0,930.0,4248641156,4566519,302,D,976.0,929.0
3051,Tukafoolad.Inv.,20180512,929.0,903.0,913.0,2552190091,2795186,226,D,930.0,913.0
3052,Tukafoolad.Inv.,20180513,944.0,916.0,935.0,1437359751,1537545,175,D,913.0,940.0
3053,Tukafoolad.Inv.,20180514,963.0,939.0,952.0,2402916399,2525095,229,D,935.0,953.0
3054,Tukafoolad.Inv.,20180515,961.0,926.0,938.0,1759141740,1875373,180,D,952.0,934.0
3055,Tukafoolad.Inv.,20180516,948.0,923.0,932.0,941221746,1009625,101,D,938.0,941.0
3056,Tukafoolad.Inv.,20180519,965.0,934.0,951.0,4545520214,4777602,308,D,932.0,960.0
3057,Tukafoolad.Inv.,20180520,998.0,955.0,994.0,7023794107,7069694,500,D,951.0,992.0
3058,Tukafoolad.Inv.,20180521,995.0,966.0,975.0,2586329996,2651937,271,D,994.0,971.0
3059,Tukafoolad.Inv.,20180522,980.0,940.0,950.0,1485103295,1563501,220,D,975.0,940.0
3060,Tukafoolad.Inv.,20180523,970.0,945.0,955.0,1228556246,1286017,170,D,950.0,947.0
3061,Tukafoolad.Inv.,20180526,1002.0,947.0,998.0,5500000440,5509720,399,D,955.0,982.0
3062,Tukafoolad.Inv.,20180527,1013.0,965.0,986.0,1117567391,1132896,183,D,998.0,970.0
3063,Tukafoolad.Inv.,20180528,972.0,951.0,963.0,1047025881,1086738,136,D,986.0,951.0
3064,Tukafoolad.Inv.,20180529,965.0,940.0,948.0,1418937965,1496423,177,D,963.0,956.0
3065,Tukafoolad.Inv.,20180530,951.0,930.0,938.0,1673662830,1785016,214,D,948.0,934.0
3066,Tukafoolad.Inv.,20180602,959.0,929.0,937.0,1272139232,1358292,172,D,938.0,941.0
3067,Tukafoolad.Inv.,20180603,983.0,929.0,971.0,7532599505,7757688,465,D,937.0,983.0
3068,Tukafoolad.Inv.,20180609,1019.0,986.0,1009.0,13407191789,13286209,626,D,971.0,1019.0
3069,Tukafoolad.Inv.,20180610,1059.0,1025.0,1058.0,25211756769,23834945,971,D,1009.0,1059.0
3070,Tukafoolad.Inv.,20180611,1110.0,1059.0,1094.0,60291834356,55108989,2616,D,1058.0,1098.0
3071,Tukafoolad.Inv.,20180612,1101.0,1040.0,1059.0,8408766520,7940965,624,D,1094.0,1050.0
3072,Tukafoolad.Inv.,20180613,1096.0,1031.0,1068.0,15214815900,14250982,928,D,1059.0,1050.0
3073,Tukafoolad.Inv.,20180617,1096.0,1045.0,1068.0,34123325831,31949562,1795,D,1068.0,1082.0
3074,Tukafoolad.Inv.,20180624,1127.0,1044.0,1067.0,31456381675,29479764,1530,D,968.0,1072.0
3075,Tukafoolad.Inv.,20180625,1120.0,1120.0,1120.0,12742870560,11377563,417,D,1067.0,1120.0
3076,Tukafoolad.Inv.,20180626,1176.0,1090.0,1161.0,48616069050,41859948,2217,D,1120.0,1176.0
3077,Tukafoolad.Inv.,20180627,1219.0,1110.0,1180.0,22425399375,18997984,1338,D,1161.0,1150.0
3078,Tukafoolad.Inv.,20180630,1180.0,1121.0,1137.0,12638643359,11111363,895,D,1180.0,1122.0
3079,Tukafoolad.Inv.,20180701,1142.0,1081.0,1085.0,7247193193,6681937,451,D,1137.0,1081.0
3080,Tukafoolad.Inv.,20180702,1130.0,1060.0,1103.0,4869277247,4412765,379,D,1085.0,1107.0
3081,Tukafoolad.Inv.,20180703,1140.0,1100.0,1115.0,5773282501,5179481,353,D,1103.0,1104.0
3082,Tukafoolad.Inv.,20180704,1115.0,1063.0,1076.0,7035629244,6540556,546,D,1115.0,1065.0
3083,Tukafoolad.Inv.,20180707,1070.0,1024.0,1042.0,3450130496,3312419,361,D,1076.0,1040.0
3084,Tukafoolad.Inv.,20180708,1094.0,1023.0,1091.0,38654930774,35441558,1582,D,1042.0,1094.0
3085,Tukafoolad.Inv.,20180710,1143.0,1103.0,1127.0,11252928438,9982385,849,D,1091.0,1110.0
3086,Tukafoolad.Inv.,20180711,1118.0,1071.0,1077.0,10233341066,9504067,729,D,1127.0,1071.0
3087,Tukafoolad.Inv.,20180714,1070.0,1026.0,1037.0,7604824021,7336302,711,D,1077.0,1026.0
3088,Tukafoolad.Inv.,20180715,1067.0,1025.0,1034.0,7134087688,6902492,450,D,1037.0,1030.0
3089,Tukafoolad.Inv.,20180716,1073.0,1010.0,1031.0,7757681887,7524242,555,D,1034.0,1019.0
3090,Tukafoolad.Inv.,20180717,1044.0,1005.0,1020.0,4704292176,4610178,403,D,1031.0,1019.0
3091,Tukafoolad.Inv.,20180718,1039.0,1006.0,1017.0,7988960061,7856419,565,D,1020.0,1020.0
3092,Tukafoolad.Inv.,20180721,1035.0,1001.0,1014.0,8768915341,8647283,644,D,1017.0,1001.0
3093,Tukafoolad.Inv.,20180722,1039.0,1007.0,1020.0,6401428823,6274662,558,D,1014.0,1010.0
3094,Tukafoolad.Inv.,20180723,1030.0,981.0,998.0,4632555541,4643808,418,D,1020.0,990.0
3095,Tukafoolad.Inv.,20180724,1000.0,949.0,960.0,9938514157,10357624,790,D,998.0,962.0
3096,Tukafoolad.Inv.,20180725,977.0,930.0,957.0,4807623609,5022542,442,D,960.0,961.0
3097,Tukafoolad.Inv.,20180728,1004.0,971.0,1004.0,86183822159,85865661,2456,D,957.0,1004.0
3098,Tukafoolad.Inv.,20180729,1054.0,1020.0,1052.0,39604011761,37659336,1490,D,1004.0,1054.0
3099,Tukafoolad.Inv.,20180730,1104.0,1063.0,1096.0,29715782418,27104915,1311,D,1052.0,1104.0
3100,Tukafoolad.Inv.,20180731,1150.0,1130.0,1148.0,10672893764,9294507,429,D,1096.0,1150.0
3101,Tukafoolad.Inv.,20180801,1185.0,1160.0,1183.0,4871181708,4119020,203,D,1148.0,1170.0
3102,Tukafoolad.Inv.,20180804,1124.0,1068.0,1092.0,36261337788,33215343,1767,D,1183.0,1075.0
3103,Tukafoolad.Inv.,20180805,1146.0,1080.0,1130.0,45692039114,40441176,2174,D,1092.0,1123.0
3104,Tukafoolad.Inv.,20180806,1180.0,1074.0,1107.0,51634499122,46638935,2717,D,1130.0,1074.0
3105,Tukafoolad.Inv.,20180807,1096.0,1052.0,1057.0,21929718083,20750626,1188,D,1107.0,1052.0
3106,Tukafoolad.Inv.,20180808,1079.0,1011.0,1033.0,17867038145,17296904,1134,D,1057.0,1033.0
3107,Tukafoolad.Inv.,20180811,1083.0,1033.0,1068.0,16398560292,15360971,1065,D,1033.0,1066.0
3108,Tukafoolad.Inv.,20180812,1079.0,1050.0,1063.0,14334830791,13490519,803,D,1068.0,1067.0
3109,Tukafoolad.Inv.,20180813,1072.0,1036.0,1055.0,14021255328,13286935,632,D,1063.0,1055.0
3110,Tukafoolad.Inv.,20180814,1073.0,1042.0,1062.0,11005741129,10359046,630,D,1055.0,1055.0
3111,Tukafoolad.Inv.,20180815,1069.0,1031.0,1047.0,6128508088,5851982,476,D,1062.0,1060.0
3112,Tukafoolad.Inv.,20180818,1070.0,1041.0,1053.0,5265242763,4999534,388,D,1047.0,1052.0
3113,Tukafoolad.Inv.,20180819,1085.0,1039.0,1058.0,13937344101,13169758,847,D,1053.0,1053.0
3114,Tukafoolad.Inv.,20180820,1098.0,1054.0,1074.0,19415718379,18079520,1141,D,1058.0,1070.0
3115,Tukafoolad.Inv.,20180821,1070.0,1043.0,1055.0,19199481649,18202540,1140,D,1074.0,1064.0
3116,Tukafoolad.Inv.,20180825,1107.0,1060.0,1093.0,11878252853,10868264,623,D,1055.0,1107.0
3117,Tukafoolad.Inv.,20180826,1147.0,1111.0,1143.0,28810059714,25199609,1318,D,1093.0,1147.0
3118,Tukafoolad.Inv.,20180827,1200.0,1130.0,1180.0,39043276829,33083330,1808,D,1143.0,1200.0
3119,Tukafoolad.Inv.,20180828,1239.0,1195.0,1235.0,54973948433,44505196,2088,D,1180.0,1239.0
3120,Tukafoolad.Inv.,20180829,1296.0,1296.0,1296.0,7167174192,5530227,154,D,1235.0,1296.0
3121,Tukafoolad.Inv.,20180901,1300.0,1194.0,1246.0,30381422279,24385469,1370,D,1296.0,1234.0
3122,Tukafoolad.Inv.,20180902,1243.0,1184.0,1196.0,8500273312,7109724,541,D,1246.0,1184.0
3123,Tukafoolad.Inv.,20180903,1255.0,1150.0,1222.0,47265239105,38663454,2400,D,1196.0,1255.0
3124,Tukafoolad.Inv.,20180904,1283.0,1226.0,1276.0,52138701341,40850869,2197,D,1222.0,1241.0
3125,Tukafoolad.Inv.,20180905,1273.0,1222.0,1244.0,24203504945,19456351,1351,D,1276.0,1250.0
3126,Tukafoolad.Inv.,20180908,1306.0,1262.0,1302.0,40521837117,31127210,1812,D,1244.0,1298.0
3127,Tukafoolad.Inv.,20180909,1334.0,1272.0,1299.0,35688635566,27476058,2019,D,1302.0,1300.0
3128,Tukafoolad.Inv.,20180910,1363.0,1302.0,1348.0,29601202514,21956385,1620,D,1299.0,1350.0
3129,Tukafoolad.Inv.,20180911,1415.0,1330.0,1394.0,39993730268,28684320,1753,D,1348.0,1415.0
3130,Tukafoolad.Inv.,20180912,1463.0,1463.0,1463.0,6277190227,4290629,186,D,1394.0,1463.0
3131,Tukafoolad.Inv.,20180915,1536.0,1405.0,1507.0,45564963084,30226045,1690,D,1463.0,1452.0
3132,Tukafoolad.Inv.,20180916,1541.0,1432.0,1468.0,46479627157,31660369,1883,D,1507.0,1507.0
3133,Tukafoolad.Inv.,20180917,1541.0,1501.0,1540.0,12008467875,7798375,287,D,1468.0,1541.0
3134,Tukafoolad.Inv.,20180918,1617.0,1617.0,1617.0,4784132199,2958647,153,D,1540.0,1617.0
3135,Tukafoolad.Inv.,20180922,1697.0,1697.0,1697.0,7623821713,4492529,168,D,1617.0,1697.0
3136,Tukafoolad.Inv.,20180923,1781.0,1781.0,1781.0,3269559800,1835800,80,D,1697.0,1781.0
3137,Tukafoolad.Inv.,20180925,1963.0,1870.0,1862.0,985162672,505948,27,D,1781.0,1963.0
3138,Tukafoolad.Inv.,20180930,2052.0,1955.0,2052.0,23996808775,11695233,386,D,1862.0,2052.0
3139,Tukafoolad.Inv.,20181001,2154.0,1950.0,2070.0,122111903292,58981252,3549,D,2052.0,2031.0
3140,Tukafoolad.Inv.,20181002,1967.0,1967.0,1967.0,15230203653,7742859,392,D,2070.0,1967.0
3141,Tukafoolad.Inv.,20181003,1869.0,1869.0,1869.0,5781684216,3093464,167,D,1967.0,1869.0
3142,Tukafoolad.Inv.,20181006,1930.0,1776.0,1847.0,50792971239,27497571,1369,D,1869.0,1776.0
3143,Tukafoolad.Inv.,20181007,1755.0,1755.0,1809.0,758984850,432470,33,D,1847.0,1755.0
3144,Tukafoolad.Inv.,20181008,1719.0,1719.0,1719.0,2855106009,1660911,50,D,1809.0,1719.0
3145,Tukafoolad.Inv.,20181009,1740.0,1634.0,1662.0,50068325478,30121432,1719,D,1719.0,1634.0
3146,Tukafoolad.Inv.,20181010,1611.0,1579.0,1589.0,11626878712,7319107,306,D,1662.0,1579.0
3147,Tukafoolad.Inv.,20181013,1510.0,1510.0,1565.0,475998810,315231,20,D,1589.0,1510.0
3148,Tukafoolad.Inv.,20181014,1487.0,1487.0,1557.0,153123825,102975,15,D,1565.0,1487.0
3149,Tukafoolad.Inv.,20181015,1593.0,1480.0,1520.0,59606218998,39226601,2143,D,1557.0,1555.0
3150,Tukafoolad.Inv.,20181016,1580.0,1462.0,1521.0,37157595000,24432249,1413,D,1520.0,1527.0
3151,Tukafoolad.Inv.,20181017,1541.0,1445.0,1491.0,29928084424,20067461,1300,D,1521.0,1519.0
3152,Tukafoolad.Inv.,20181020,1565.0,1525.0,1558.0,4139005559,2656485,199,D,1491.0,1565.0
3153,Tukafoolad.Inv.,20181021,1635.0,1570.0,1633.0,118481708297,72548050,2195,D,1558.0,1635.0
3154,Tukafoolad.Inv.,20181022,1710.0,1582.0,1665.0,32003728527,19220157,1377,D,1633.0,1645.0
3155,Tukafoolad.Inv.,20181023,1626.0,1582.0,1588.0,3833906245,2414798,192,D,1665.0,1582.0
3156,Tukafoolad.Inv.,20181024,1510.0,1509.0,1509.0,8218098887,5446043,277,D,1588.0,1509.0
3157,Tukafoolad.Inv.,20181027,1456.0,1434.0,1435.0,17982738999,12530021,664,D,1509.0,1434.0
3158,Tukafoolad.Inv.,20181028,1434.0,1364.0,1390.0,18627667512,13396659,894,D,1435.0,1420.0
3159,Tukafoolad.Inv.,20181029,1459.0,1420.0,1452.0,9832189721,6770566,512,D,1390.0,1459.0
3160,Tukafoolad.Inv.,20181031,1524.0,1469.0,1511.0,12190415377,8069503,726,D,1452.0,1510.0
3161,Tukafoolad.Inv.,20181103,1544.0,1450.0,1493.0,12715543805,8519056,628,D,1511.0,1470.0
3162,Tukafoolad.Inv.,20181104,1521.0,1419.0,1465.0,10598642451,7232902,678,D,1493.0,1440.0
3163,Tukafoolad.Inv.,20181105,1496.0,1430.0,1466.0,9643388659,6578369,554,D,1465.0,1450.0
3164,Tukafoolad.Inv.,20181106,1539.0,1407.0,1487.0,14667107872,9860807,825,D,1466.0,1539.0
3165,Tukafoolad.Inv.,20181110,1561.0,1561.0,1561.0,4962152069,3178829,152,D,1487.0,1561.0
3166,Tukafoolad.Inv.,20181111,1639.0,1570.0,1621.0,50351759191,31064766,1890,D,1561.0,1616.0
3167,Tukafoolad.Inv.,20181112,1650.0,1590.0,1615.0,17092210828,10584855,857,D,1621.0,1609.0
3168,Tukafoolad.Inv.,20181113,1678.0,1575.0,1626.0,15815642850,9728756,767,D,1615.0,1580.0
3169,Tukafoolad.Inv.,20181114,1610.0,1550.0,1584.0,16125754525,10178600,652,D,1626.0,1581.0
3170,Tukafoolad.Inv.,20181117,1580.0,1520.0,1544.0,10787880698,6987873,585,D,1584.0,1539.0
3171,Tukafoolad.Inv.,20181118,1600.0,1467.0,1483.0,20924790354,14108526,736,D,1544.0,1467.0
3172,Tukafoolad.Inv.,20181119,1550.0,1461.0,1507.0,6040485493,4009177,364,D,1483.0,1502.0
3173,Tukafoolad.Inv.,20181120,1537.0,1465.0,1490.0,3423510966,2297106,252,D,1507.0,1486.0
3174,Tukafoolad.Inv.,20181121,1550.0,1470.0,1504.0,6619463172,4401519,333,D,1490.0,1509.0
3175,Tukafoolad.Inv.,20181124,1520.0,1441.0,1460.0,7455348644,5107736,415,D,1504.0,1450.0
3176,Tukafoolad.Inv.,20181126,1445.0,1387.0,1398.0,6518302233,4662280,433,D,1460.0,1395.0
3177,Tukafoolad.Inv.,20181127,1447.0,1369.0,1408.0,6848670808,4865447,358,D,1398.0,1409.0
3178,Tukafoolad.Inv.,20181128,1410.0,1362.0,1391.0,4650421928,3343703,307,D,1408.0,1371.0
3179,Tukafoolad.Inv.,20181201,1370.0,1322.0,1322.0,13273821351,10036983,516,D,1391.0,1322.0
3180,Tukafoolad.Inv.,20181202,1388.0,1330.0,1377.0,7049698480,5118162,414,D,1322.0,1388.0
3181,Tukafoolad.Inv.,20181203,1443.0,1400.0,1425.0,6041278883,4239058,351,D,1377.0,1420.0
3182,Tukafoolad.Inv.,20181204,1430.0,1361.0,1394.0,2825889026,2027226,191,D,1425.0,1384.0
3183,Tukafoolad.Inv.,20181205,1409.0,1370.0,1396.0,6218786195,4454860,395,D,1394.0,1395.0
3184,Tukafoolad.Inv.,20181208,1436.0,1374.0,1395.0,3397374540,2435998,275,D,1396.0,1380.0
3185,Tukafoolad.Inv.,20181209,1409.0,1349.0,1370.0,4011193722,2927404,240,D,1395.0,1361.0
3186,Tukafoolad.Inv.,20181210,1438.0,1438.0,1438.0,4447196188,3092626,189,D,1370.0,1438.0
3187,Tukafoolad.Inv.,20181211,1509.0,1461.0,1509.0,39797896983,26380812,830,D,1438.0,1509.0
3188,Tukafoolad.Inv.,20181212,1580.0,1481.0,1539.0,29980150796,19483554,1426,D,1509.0,1550.0
3189,Tukafoolad.Inv.,20181215,1615.0,1543.0,1603.0,43168265297,26929707,1313,D,1539.0,1615.0
3190,Tukafoolad.Inv.,20181216,1675.0,1550.0,1619.0,36790185362,22723834,1494,D,1603.0,1570.0
3191,Tukafoolad.Inv.,20181217,1619.0,1539.0,1553.0,9660831588,6218871,472,D,1619.0,1539.0
3192,Tukafoolad.Inv.,20181218,1539.0,1479.0,1496.0,11388415037,7612904,595,D,1553.0,1500.0
3193,Tukafoolad.Inv.,20181219,1500.0,1423.0,1452.0,12029472419,8283859,667,D,1496.0,1490.0
3194,Tukafoolad.Inv.,20181222,1502.0,1431.0,1452.0,2368151525,1630635,225,D,1452.0,1489.0
3195,Tukafoolad.Inv.,20181223,1524.0,1499.0,1520.0,7529868759,4954413,417,D,1452.0,1524.0
3196,Tukafoolad.Inv.,20181224,1575.0,1518.0,1537.0,3447951061,2243671,257,D,1520.0,1537.0
3197,Tukafoolad.Inv.,20181225,1550.0,1475.0,1497.0,5535803127,3698693,326,D,1537.0,1500.0
3198,Tukafoolad.Inv.,20181226,1540.0,1470.0,1508.0,8748377483,5800448,392,D,1497.0,1520.0
3199,Tukafoolad.Inv.,20181229,1583.0,1539.0,1579.0,44388150251,28107254,1042,D,1508.0,1583.0
3200,Tukafoolad.Inv.,20181230,1645.0,1584.0,1616.0,22862063849,14151577,930,D,1579.0,1600.0
3201,Tukafoolad.Inv.,20181231,1620.0,1567.0,1597.0,11664763760,7302175,527,D,1616.0,1591.0
3202,Tukafoolad.Inv.,20190101,1676.0,1541.0,1656.0,41695465003,25179860,1455,D,1597.0,1676.0
3203,Tukafoolad.Inv.,20190102,1738.0,1639.0,1722.0,52911366508,30729454,1692,D,1656.0,1738.0
3204,Tukafoolad.Inv.,20190105,1790.0,1711.0,1749.0,22196155949,12690160,989,D,1722.0,1727.0
3205,Tukafoolad.Inv.,20190106,1750.0,1678.0,1710.0,12136910010,7096265,745,D,1749.0,1680.0
3206,Tukafoolad.Inv.,20190107,1795.0,1727.0,1784.0,39174920306,21955096,1485,D,1710.0,1795.0
3207,Tukafoolad.Inv.,20190108,1869.0,1786.0,1830.0,27092866696,14803438,1199,D,1784.0,1793.0
3208,Tukafoolad.Inv.,20190109,1789.0,1760.0,1775.0,9008993346,5074784,613,D,1830.0,1782.0
3209,Tukafoolad.Inv.,20190112,1778.0,1696.0,1734.0,13378469743,7714221,574,D,1775.0,1712.0
3210,Tukafoolad.Inv.,20190113,1779.0,1710.0,1736.0,8577569239,4941978,551,D,1734.0,1728.0
3211,Tukafoolad.Inv.,20190114,1790.0,1714.0,1773.0,10460956102,5901486,522,D,1736.0,1756.0
3212,Tukafoolad.Inv.,20190115,1828.0,1739.0,1802.0,13311764902,7387748,616,D,1773.0,1811.0
3213,Tukafoolad.Inv.,20190116,1892.0,1775.0,1851.0,23432201247,12660910,935,D,1802.0,1830.0
3214,Tukafoolad.Inv.,20190119,1851.0,1770.0,1810.0,11407309814,6303015,629,D,1851.0,1790.0
3215,Tukafoolad.Inv.,20190120,1810.0,1720.0,1746.0,11231081927,6433327,558,D,1810.0,1720.0
3216,Tukafoolad.Inv.,20190121,1762.0,1674.0,1709.0,14926379989,8734588,541,D,1746.0,1700.0
3217,Tukafoolad.Inv.,20190122,1749.0,1660.0,1696.0,6032740403,3557254,399,D,1709.0,1713.0
3218,Tukafoolad.Inv.,20190123,1780.0,1725.0,1772.0,35473259496,20015100,1190,D,1696.0,1780.0
3219,Tukafoolad.Inv.,20190126,1849.0,1750.0,1797.0,15902331601,8849869,701,D,1772.0,1765.0
3220,Tukafoolad.Inv.,20190127,1773.0,1721.0,1739.0,11023292841,6339786,504,D,1797.0,1730.0
3221,Tukafoolad.Inv.,20190128,1740.0,1681.0,1704.0,10991646798,6449032,405,D,1739.0,1681.0
3222,Tukafoolad.Inv.,20190129,1739.0,1671.0,1707.0,10741096761,6290866,414,D,1704.0,1700.0
3223,Tukafoolad.Inv.,20190130,1760.0,1680.0,1730.0,19954300411,11533335,688,D,1707.0,1752.0
3224,Tukafoolad.Inv.,20190202,1810.0,1710.0,1757.0,19219071017,10939378,593,D,1730.0,1744.0
3225,Tukafoolad.Inv.,20190203,1790.0,1733.0,1754.0,27985887217,15952410,757,D,1757.0,1790.0
3226,Tukafoolad.Inv.,20190204,1841.0,1809.0,1840.0,39754775310,21611023,746,D,1754.0,1841.0
3227,Tukafoolad.Inv.,20190205,1930.0,1866.0,1907.0,38140930534,20000873,1215,D,1840.0,1885.0
3228,Tukafoolad.Inv.,20190206,1888.0,1821.0,1837.0,16600026047,9037790,755,D,1907.0,1844.0
3229,Tukafoolad.Inv.,20190210,1850.0,1795.0,1829.0,5850110509,3197711,382,D,1837.0,1830.0
3230,Tukafoolad.Inv.,20190212,1920.0,1831.0,1916.0,58665350742,30612964,1554,D,1829.0,1920.0
3231,Tukafoolad.Inv.,20190213,2011.0,1890.0,2002.0,220078295094,109919674,3401,D,1916.0,2011.0
3232,Tukafoolad.Inv.,20190216,2070.0,1910.0,2003.0,43607043287,21768679,1369,D,2002.0,1960.0
3233,Tukafoolad.Inv.,20190217,1958.0,1903.0,1907.0,49730301200,26081597,1418,D,2003.0,1903.0
3234,Tukafoolad.Inv.,20190218,1947.0,1854.0,1900.0,27291234959,14364927,759,D,1907.0,1930.0
3235,Tukafoolad.Inv.,20190219,1952.0,1878.0,1914.0,72528766457,37891893,1886,D,1900.0,1945.0
3236,Tukafoolad.Inv.,20190220,1985.0,1910.0,1959.0,31801677867,16235943,1537,D,1914.0,1941.0
3237,Tukafoolad.Inv.,20190223,2032.0,1930.0,1984.0,38966181369,19642187,1656,D,1959.0,1935.0
3238,Tukafoolad.Inv.,20190224,1950.0,1885.0,1897.0,64634345712,34078025,1748,D,1984.0,1886.0
3239,Tukafoolad.Inv.,20190225,1940.0,1890.0,1913.0,24072971145,12586638,836,D,1897.0,1920.0
3240,Tukafoolad.Inv.,20190226,1926.0,1852.0,1910.0,12879864466,6743126,427,D,1913.0,1920.0
3241,Tukafoolad.Inv.,20190227,1974.0,1900.0,1949.0,12987446742,6663366,649,D,1910.0,1960.0
3242,Tukafoolad.Inv.,20190302,1968.0,1861.0,1895.0,13185284393,6956603,556,D,1949.0,1862.0
3243,Tukafoolad.Inv.,20190303,1910.0,1854.0,1880.0,5086899169,2705871,341,D,1895.0,1879.0
3244,Tukafoolad.Inv.,20190304,1889.0,1831.0,1858.0,10125141224,5448886,422,D,1880.0,1849.0
3245,Tukafoolad.Inv.,20190305,1850.0,1790.0,1800.0,10598327099,5889007,539,D,1858.0,1800.0
3246,Tukafoolad.Inv.,20190306,1889.0,1761.0,1799.0,15770681061,8768790,771,D,1800.0,1879.0
3247,Tukafoolad.Inv.,20190309,1879.0,1818.0,1855.0,5229733057,2819817,384,D,1799.0,1850.0
3248,Tukafoolad.Inv.,20190310,1858.0,1787.0,1816.0,7258623419,3998015,430,D,1855.0,1800.0
3249,Tukafoolad.Inv.,20190311,1870.0,1792.0,1835.0,10844791590,5910868,461,D,1816.0,1792.0
3250,Tukafoolad.Inv.,20190312,1852.0,1760.0,1794.0,10191115309,5679475,626,D,1835.0,1800.0
3251,Tukafoolad.Inv.,20190313,1831.0,1773.0,1798.0,7077893454,3935522,510,D,1794.0,1800.0
3252,Tukafoolad.Inv.,20190316,1880.0,1790.0,1841.0,8996470508,4886302,532,D,1798.0,1819.0
3253,Tukafoolad.Inv.,20190317,1849.0,1795.0,1803.0,5678790300,3149535,397,D,1841.0,1798.0
3254,Tukafoolad.Inv.,20190318,1819.0,1783.0,1800.0,8175729446,4542399,446,D,1803.0,1800.0
3255,Tukafoolad.Inv.,20190319,1869.0,1801.0,1837.0,5429329590,2956160,326,D,1800.0,1831.0
3256,Tukafoolad.Inv.,20190325,1882.0,1815.0,1848.0,3704231536,2003966,190,D,1837.0,1861.0
3257,Tukafoolad.Inv.,20190326,1939.0,1858.0,1907.0,6068761101,3183126,365,D,1848.0,1897.0
3258,Tukafoolad.Inv.,20190327,1940.0,1860.0,1891.0,8385844099,4435124,418,D,1907.0,1899.0
3259,Tukafoolad.Inv.,20190330,1923.0,1859.0,1899.0,9170775201,4830196,612,D,1891.0,1898.0
3260,Tukafoolad.Inv.,20190331,1921.0,1867.0,1899.0,8778868092,4623213,416,D,1899.0,1895.0
3261,Tukafoolad.Inv.,20190406,1935.0,1875.0,1913.0,12140073729,6344745,422,D,1899.0,1911.0
3262,Tukafoolad.Inv.,20190407,2008.0,1902.0,2002.0,91114173849,45510316,1804,D,1913.0,1993.0
3263,Tukafoolad.Inv.,20190408,2033.0,1971.0,2002.0,15587650458,7785907,667,D,2002.0,2017.0
3264,Tukafoolad.Inv.,20190409,2047.0,1962.0,2004.0,23503735583,11730985,742,D,2002.0,1990.0
3265,Tukafoolad.Inv.,20190410,2083.0,1990.0,2032.0,34083434323,16776964,1088,D,2004.0,2010.0
3266,Tukafoolad.Inv.,20190413,2050.0,1988.0,2005.0,17737246283,8846270,636,D,2032.0,1990.0
3267,Tukafoolad.Inv.,20190414,2039.0,1970.0,1995.0,22989373640,11522299,629,D,2005.0,1997.0
3268,Tukafoolad.Inv.,20190415,2094.0,2000.0,2080.0,47521017704,22851102,1072,D,1995.0,2071.0
3269,Tukafoolad.Inv.,20190416,2150.0,2057.0,2101.0,45371217561,21595664,1275,D,2080.0,2100.0
3270,Tukafoolad.Inv.,20190417,2134.0,2070.0,2107.0,23747091365,11271469,892,D,2101.0,2117.0
3271,Tukafoolad.Inv.,20190420,2212.0,2151.0,2211.0,128622057157,58172322,1567,D,2107.0,2212.0
3272,Tukafoolad.Inv.,20190422,2321.0,2200.0,2287.0,68928634346,30133703,1489,D,2211.0,2220.0
3273,Tukafoolad.Inv.,20190423,2269.0,2179.0,2231.0,12288416178,5507795,520,D,2287.0,2220.0
3274,Tukafoolad.Inv.,20190424,2342.0,2221.0,2334.0,63848957094,27360906,996,D,2231.0,2342.0
3275,Tukafoolad.Inv.,20190427,2441.0,2350.0,2400.0,48330249850,20137355,1129,D,2334.0,2365.0
3276,Tukafoolad.Inv.,20190428,2420.0,2341.0,2384.0,52572694352,22054789,1285,D,2400.0,2355.0
3277,Tukafoolad.Inv.,20190429,2395.0,2300.0,2349.0,38547161079,16412904,950,D,2384.0,2352.0
3278,Tukafoolad.Inv.,20190430,2395.0,2286.0,2334.0,33207495684,14225051,877,D,2349.0,2322.0
3279,Tukafoolad.Inv.,20190501,2375.0,2263.0,2290.0,45280449051,19771019,1445,D,2334.0,2270.0
3280,Tukafoolad.Inv.,20190504,2404.0,2319.0,2380.0,44520956611,18709021,1339,D,2290.0,2403.0
3281,Tukafoolad.Inv.,20190505,2459.0,2337.0,2402.0,27013791308,11244077,661,D,2380.0,2387.0
3282,Tukafoolad.Inv.,20190506,2385.0,2282.0,2304.0,15193424899,6595400,470,D,2402.0,2282.0
3283,Tukafoolad.Inv.,20190507,2273.0,2189.0,2194.0,3603555941,1642244,163,D,2304.0,2189.0
3284,Tukafoolad.Inv.,20190508,2300.0,2085.0,2174.0,48541368043,22330352,1295,D,2194.0,2300.0
3285,Tukafoolad.Inv.,20190511,2282.0,2150.0,2263.0,27147100889,11994701,810,D,2174.0,2212.0
3286,Tukafoolad.Inv.,20190512,2350.0,2150.0,2196.0,21659139408,9864738,623,D,2263.0,2168.0
3287,Tukafoolad.Inv.,20190513,2296.0,2200.0,2249.0,22863830683,10167489,591,D,2196.0,2273.0
3288,Tukafoolad.Inv.,20190514,2349.0,2255.0,2317.0,17676415635,7627537,647,D,2249.0,2319.0
3289,Tukafoolad.Inv.,20190515,2411.0,2222.0,2367.0,34939926445,14759330,994,D,2317.0,2340.0
3290,Tukafoolad.Inv.,20190518,2485.0,2270.0,2479.0,109393771588,44136751,1938,D,2367.0,2485.0
3291,Tukafoolad.Inv.,20190519,2602.0,2481.0,2573.0,26099528538,10145145,746,D,2479.0,2602.0
3292,Tukafoolad.Inv.,20190520,2701.0,2551.0,2681.0,98670759748,36806175,2131,D,2573.0,2672.0
3293,Tukafoolad.Inv.,20190521,2770.0,2574.0,2639.0,42502365317,16105952,1272,D,2681.0,2621.0
3294,Tukafoolad.Inv.,20190522,2700.0,2533.0,2566.0,20653227028,8049405,934,D,2639.0,2550.0
3295,Tukafoolad.Inv.,20190525,2597.0,2480.0,2507.0,11081924784,4420197,549,D,2566.0,2525.0
3296,Tukafoolad.Inv.,20190526,2628.0,2500.0,2590.0,32462881319,12535258,914,D,2507.0,2586.0
3297,Tukafoolad.Inv.,20190528,2719.0,2560.0,2701.0,60035283798,22227847,1211,D,2590.0,2710.0
3298,Tukafoolad.Inv.,20190529,2810.0,2663.0,2737.0,26871606365,9817586,840,D,2701.0,2700.0
3299,Tukafoolad.Inv.,20190601,2700.0,2601.0,2639.0,48706605761,18458379,1097,D,2737.0,2670.0
3300,Tukafoolad.Inv.,20190602,2679.0,2508.0,2558.0,53628740572,20969018,1529,D,2639.0,2530.0
3301,Tukafoolad.Inv.,20190608,2817.0,2683.0,2781.0,68248019654,24539352,1638,D,2558.0,2763.0
3302,Tukafoolad.Inv.,20190609,2890.0,2741.0,2790.0,45538445051,16324842,1404,D,2781.0,2775.0
3303,Tukafoolad.Inv.,20190610,2818.0,2651.0,2691.0,44168064354,16412265,1385,D,2790.0,2663.0
3304,Tukafoolad.Inv.,20190611,2710.0,2561.0,2620.0,29903521088,11413520,974,D,2691.0,2670.0
3305,Tukafoolad.Inv.,20190612,2751.0,2669.0,2735.0,62043767987,22686562,1568,D,2620.0,2700.0
3306,Tukafoolad.Inv.,20190615,2871.0,2795.0,2870.0,94796439593,33030752,1142,D,2735.0,2871.0
3307,Tukafoolad.Inv.,20190616,3013.0,2870.0,2976.0,110101641393,36993527,1717,D,2870.0,2870.0
3308,Tukafoolad.Inv.,20190617,3007.0,2900.0,2960.0,46946793918,15860898,1676,D,2976.0,2944.0
3309,Tukafoolad.Inv.,20190623,2896.0,2701.0,2751.0,23973773724,8714390,839,D,2840.0,2710.0
3310,Tukafoolad.Inv.,20190624,2808.0,2710.0,2761.0,48669157772,17628595,1007,D,2751.0,2754.0
3311,Tukafoolad.Inv.,20190625,2872.0,2750.0,2806.0,59209620992,21104676,1243,D,2761.0,2830.0
3312,Tukafoolad.Inv.,20190626,2946.0,2804.0,2918.0,98942312463,33901962,2127,D,2806.0,2946.0
3313,Tukafoolad.Inv.,20190630,3063.0,2952.0,3056.0,76723657665,25106491,1606,D,2918.0,3027.0
3314,Tukafoolad.Inv.,20190701,3097.0,2955.0,2998.0,20406896346,6805845,633,D,3056.0,2980.0
3315,Tukafoolad.Inv.,20190702,3060.0,2961.0,3010.0,43588995339,14482760,772,D,2998.0,3031.0
3316,Tukafoolad.Inv.,20190703,3091.0,2960.0,3017.0,35534045021,11779558,759,D,3010.0,3000.0
3317,Tukafoolad.Inv.,20190706,3084.0,2912.0,2971.0,34863123612,11733923,822,D,3017.0,2980.0
3318,Tukafoolad.Inv.,20190707,3008.0,2931.0,2962.0,19771433240,6674842,655,D,2971.0,3005.0
3319,Tukafoolad.Inv.,20190708,3110.0,2975.0,3099.0,74323074132,23979397,1162,D,2962.0,3110.0
3320,Tukafoolad.Inv.,20190709,3200.0,3097.0,3144.0,43473348063,13826076,1039,D,3099.0,3182.0
3321,Tukafoolad.Inv.,20190710,3253.0,3106.0,3195.0,35410419273,11083735,713,D,3144.0,3187.0
3322,Tukafoolad.Inv.,20190713,3354.0,3197.0,3258.0,34171849159,10487299,883,D,3195.0,3315.0
3323,Tukafoolad.Inv.,20190714,3420.0,3352.0,3403.0,32030200361,9412196,1208,D,3258.0,3382.0
3324,Tukafoolad.Inv.,20190715,3440.0,3241.0,3298.0,27162331471,8236358,859,D,3403.0,3290.0
3325,Tukafoolad.Inv.,20190716,3260.0,3134.0,3148.0,26807653191,8517007,582,D,3298.0,3134.0
3326,Tukafoolad.Inv.,20190717,3200.0,3001.0,3117.0,27923319696,8958516,827,D,3148.0,3087.0
3327,Tukafoolad.Inv.,20190720,3149.0,2962.0,3011.0,30966129838,10283737,702,D,3117.0,2962.0
3328,Tukafoolad.Inv.,20190721,3097.0,2904.0,3009.0,25103192491,8343827,718,D,3011.0,2972.0
3329,Tukafoolad.Inv.,20190722,2989.0,2885.0,2939.0,17914102244,6095107,611,D,3009.0,2900.0
3330,Tukafoolad.Inv.,20190723,2935.0,2793.0,2810.0,24004712970,8542634,947,D,2939.0,2800.0
3331,Tukafoolad.Inv.,20190724,2940.0,2800.0,2893.0,8697764571,3005977,415,D,2810.0,2915.0
3332,Tukafoolad.Inv.,20190727,2938.0,2800.0,2876.0,10546283579,3667328,397,D,2893.0,2900.0
3333,Tukafoolad.Inv.,20190728,2950.0,2850.0,2904.0,14177057085,4881386,496,D,2876.0,2930.0
3334,Tukafoolad.Inv.,20190729,3049.0,2932.0,3032.0,23759463823,7836065,602,D,2904.0,3049.0
3335,Tukafoolad.Inv.,20190730,3183.0,3100.0,3176.0,42746369697,13459273,793,D,3032.0,3183.0
3336,Tukafoolad.Inv.,20190731,3334.0,3122.0,3292.0,74990700099,22779688,1175,D,3176.0,3334.0
3337,Tukafoolad.Inv.,20190803,3456.0,3456.0,3456.0,57805785216,16726211,641,D,3292.0,3456.0
3338,Tukafoolad.Inv.,20190804,3628.0,3465.0,3568.0,72231356374,20243087,2033,D,3456.0,3557.0
3339,Tukafoolad.Inv.,20190805,3699.0,3440.0,3597.0,48155363294,13386199,1300,D,3568.0,3600.0
3340,Tukafoolad.Inv.,20190806,3629.0,3480.0,3559.0,49126348810,13804452,993,D,3597.0,3606.0
3341,Tukafoolad.Inv.,20190807,3729.0,3570.0,3658.0,43700055934,11945955,1008,D,3559.0,3720.0
3342,Tukafoolad.Inv.,20190810,3840.0,3665.0,3812.0,30700710678,8054598,526,D,3658.0,3840.0
3343,Tukafoolad.Inv.,20190811,4002.0,3800.0,3984.0,106317508212,26683919,1783,D,3812.0,4002.0
3344,Tukafoolad.Inv.,20190813,4150.0,3841.0,4051.0,36266496346,8952681,939,D,3984.0,4099.0
3345,Tukafoolad.Inv.,20190814,4200.0,3990.0,4086.0,44302928950,10842471,1070,D,4051.0,4119.0
3346,Tukafoolad.Inv.,20190817,4200.0,3981.0,4083.0,37490527409,9182181,827,D,4086.0,3990.0
3347,Tukafoolad.Inv.,20190818,3967.0,3879.0,3884.0,73991270180,19049793,1142,D,4083.0,3883.0
3348,Tukafoolad.Inv.,20190819,4078.0,4000.0,4057.0,26469205384,6523529,288,D,3884.0,4078.0
3349,Tukafoolad.Inv.,20190821,4259.0,4259.0,4259.0,12343493426,2898214,184,D,4057.0,4259.0
3350,Tukafoolad.Inv.,20190824,4471.0,4471.0,4471.0,38400971900,8588900,368,D,4259.0,4471.0
3351,Tukafoolad.Inv.,20190825,4690.0,4250.0,4576.0,94977600303,20753469,1765,D,4471.0,4675.0
3352,Tukafoolad.Inv.,20190826,4804.0,4621.0,4790.0,33985391991,7094444,397,D,4576.0,4804.0
3353,Tukafoolad.Inv.,20190827,5029.0,4856.0,5019.0,125197392121,24945859,1044,D,4790.0,4945.0
3354,Tukafoolad.Inv.,20190828,5269.0,4802.0,5219.0,151855332531,29097953,1842,D,5019.0,5269.0
3355,Tukafoolad.Inv.,20190831,5460.0,5361.0,5402.0,4333766057,793859,66,D,5219.0,5459.0
3356,Tukafoolad.Inv.,20190903,5480.0,5065.0,5278.0,85025861398,16110282,1617,D,5402.0,5406.0
3357,Tukafoolad.Inv.,20190904,5541.0,5410.0,5533.0,76170524783,13766286,1073,D,5278.0,5541.0
3358,Tukafoolad.Inv.,20190907,5750.0,5353.0,5511.0,76178552393,13823170,2254,D,5533.0,5477.0
3359,Tukafoolad.Inv.,20190908,5609.0,5260.0,5396.0,82294071224,15250243,1791,D,5511.0,5381.0
3360,Tukafoolad.Inv.,20190911,5395.0,5142.0,5248.0,56807857308,10825459,1435,D,5396.0,5299.0
3361,Tukafoolad.Inv.,20190914,5450.0,5250.0,5332.0,104048802850,19512924,1954,D,5248.0,5370.0
3362,Tukafoolad.Inv.,20190915,5598.0,5220.0,5523.0,94920653220,17186838,1552,D,5332.0,5598.0
3363,Tukafoolad.Inv.,20190916,5799.0,5601.0,5753.0,86162375149,14977201,1318,D,5523.0,5650.0
3364,Tukafoolad.Inv.,20190917,5719.0,5466.0,5473.0,98868080875,18064405,1310,D,5753.0,5466.0
3365,Tukafoolad.Inv.,20190918,5436.0,5200.0,5229.0,27023211327,5167674,431,D,5473.0,5200.0
3366,Tukafoolad.Inv.,20190921,5398.0,5040.0,5160.0,72038940688,13961080,1222,D,5229.0,5051.0
3367,Tukafoolad.Inv.,20190922,5277.0,5052.0,5107.0,62946852406,12324687,1263,D,5160.0,5105.0
3368,Tukafoolad.Inv.,20190923,5321.0,5040.0,5157.0,88575415365,17174875,1523,D,5107.0,5073.0
3369,Tukafoolad.Inv.,20190924,5175.0,4900.0,4990.0,49907923868,10000806,1165,D,5157.0,4900.0
3370,Tukafoolad.Inv.,20190925,4973.0,4741.0,4783.0,93023659874,19450597,2132,D,4990.0,4860.0
3371,Tukafoolad.Inv.,20190928,5022.0,4900.0,5010.0,137770563326,27499775,2718,D,4783.0,5015.0
3372,Tukafoolad.Inv.,20190929,5260.0,5020.0,5232.0,147819882357,28255376,2500,D,5010.0,5260.0
3373,Tukafoolad.Inv.,20190930,5493.0,5260.0,5486.0,166880282253,30420489,1551,D,5232.0,5493.0
3374,Tukafoolad.Inv.,20191001,5738.0,5231.0,5435.0,164190927256,30211045,3028,D,5486.0,5301.0
3375,Tukafoolad.Inv.,20191002,5706.0,5230.0,5593.0,89945934285,16083051,1220,D,5435.0,5706.0
3376,Tukafoolad.Inv.,20191005,5872.0,5872.0,5872.0,516455541536,87952238,2273,D,5593.0,5872.0
3377,Tukafoolad.Inv.,20191006,6165.0,6000.0,6157.0,798619972242,129710522,6232,D,5872.0,6165.0
3378,Tukafoolad.Inv.,20191007,6464.0,6000.0,6304.0,344294660627,54617700,4778,D,6157.0,6229.0
3379,Tukafoolad.Inv.,20191008,6200.0,5989.0,6037.0,44135597355,7310491,803,D,6304.0,5989.0
3380,Tukafoolad.Inv.,20191009,6029.0,5736.0,5799.0,227109955672,39161774,2514,D,6037.0,5900.0
3381,Tukafoolad.Inv.,20191012,6088.0,5849.0,6002.0,191515194119,31906825,2846,D,5799.0,5998.0
3382,Tukafoolad.Inv.,20191013,6200.0,5702.0,5875.0,58371427323,9935041,1209,D,6002.0,5702.0
3383,Tukafoolad.Inv.,20191014,5798.0,5582.0,5610.0,41577953142,7411444,529,D,5875.0,5582.0
3384,Tukafoolad.Inv.,20191015,5330.0,5330.0,5330.0,17539825420,3290774,214,D,5610.0,5330.0
3385,Tukafoolad.Inv.,20191016,5064.0,5064.0,5064.0,36940330416,7294694,361,D,5330.0,5064.0
3386,Tukafoolad.Inv.,20191020,4999.0,4811.0,4832.0,110375871357,22842456,1272,D,5064.0,4811.0
3387,Tukafoolad.Inv.,20191021,4700.0,4591.0,4600.0,141506091701,30764492,1988,D,4832.0,4680.0
3388,Tukafoolad.Inv.,20191022,4785.0,4370.0,4433.0,137585029659,31038646,2478,D,4600.0,4370.0
3389,Tukafoolad.Inv.,20191023,4629.0,4231.0,4476.0,89530693149,20000270,1830,D,4433.0,4599.0
3390,Tukafoolad.Inv.,20191026,4699.0,4500.0,4656.0,68574649578,14728518,1237,D,4476.0,4699.0
3391,Tukafoolad.Inv.,20191028,4846.0,4550.0,4683.0,83419263931,17813014,2152,D,4656.0,4790.0
3392,Tukafoolad.Inv.,20191030,4917.0,4790.0,4906.0,60572705578,12347265,958,D,4683.0,4917.0
3393,Tukafoolad.Inv.,20191102,5098.0,4700.0,4863.0,54477035266,11202821,1822,D,4906.0,4865.0
3394,Tukafoolad.Inv.,20191103,4939.0,4740.0,4840.0,50477001774,10430136,1849,D,4863.0,4820.0
3395,Tukafoolad.Inv.,20191104,4900.0,4611.0,4741.0,35754224059,7541377,991,D,4840.0,4635.0
3396,Tukafoolad.Inv.,20191105,4868.0,4590.0,4740.0,37541883578,7920537,1214,D,4741.0,4690.0
3397,Tukafoolad.Inv.,20191109,4840.0,4510.0,4596.0,57999033118,12618995,1849,D,4740.0,4539.0
3398,Tukafoolad.Inv.,20191110,4825.0,4508.0,4786.0,148052456810,30935790,1928,D,4596.0,4825.0
3399,Tukafoolad.Inv.,20191111,4975.0,4850.0,4898.0,76306378926,15578353,1561,D,4786.0,4879.0
3400,Tukafoolad.Inv.,20191112,5108.0,4807.0,4995.0,162420473931,32514973,2653,D,4898.0,4989.0
3401,Tukafoolad.Inv.,20191113,5244.0,4950.0,5149.0,165810199674,32204015,3208,D,4995.0,5244.0
3402,Tukafoolad.Inv.,20191116,5383.0,5150.0,5299.0,126326818536,23838573,2749,D,5149.0,5307.0
3403,Tukafoolad.Inv.,20191117,5150.0,4784.0,4994.0,78423558302,15703394,1660,D,5299.0,4999.0
3404,Tukafoolad.Inv.,20191118,5147.0,4842.0,5039.0,62906109386,12482870,1357,D,4994.0,4900.0
3405,Tukafoolad.Inv.,20191119,5189.0,5015.0,5097.0,52744117321,10348694,1240,D,5039.0,5081.0
3406,Tukafoolad.Inv.,20191120,5156.0,5043.0,5101.0,34532894328,6770423,906,D,5097.0,5107.0
3407,Tukafoolad.Inv.,20191123,5165.0,4998.0,5061.0,56708075392,11204288,1240,D,5101.0,5041.0
3408,Tukafoolad.Inv.,20191124,5100.0,4920.0,4974.0,55693350859,11196567,1384,D,5061.0,4969.0
3409,Tukafoolad.Inv.,20191125,5202.0,4975.0,5126.0,74671990732,14567438,1421,D,4974.0,5108.0
3410,Tukafoolad.Inv.,20191126,5199.0,4991.0,5041.0,57655776088,11436831,1535,D,5126.0,5077.0
3411,Tukafoolad.Inv.,20191127,5190.0,5012.0,5107.0,52250831206,10231101,1441,D,5041.0,5113.0
3412,Tukafoolad.Inv.,20191130,5362.0,5100.0,5317.0,110806021017,20839930,2373,D,5107.0,5362.0
3413,Tukafoolad.Inv.,20191201,5576.0,5375.0,5494.0,101777023772,18524370,2867,D,5317.0,5428.0
3414,Tukafoolad.Inv.,20191202,5540.0,5250.0,5367.0,67053279153,12492718,2212,D,5494.0,5369.0
3415,Tukafoolad.Inv.,20191203,5445.0,5199.0,5319.0,64222379907,12074929,1584,D,5367.0,5360.0
3416,Tukafoolad.Inv.,20191204,5400.0,5287.0,5314.0,49974733835,9404203,1570,D,5319.0,5319.0
3417,Tukafoolad.Inv.,20191207,5445.0,5258.0,5321.0,51748529179,9725993,1894,D,5314.0,5272.0
3418,Tukafoolad.Inv.,20191208,5450.0,5176.0,5328.0,74248828398,13936213,1896,D,5321.0,5334.0
3419,Tukafoolad.Inv.,20191209,5594.0,5351.0,5480.0,75492262110,13775157,2106,D,5328.0,5594.0
3420,Tukafoolad.Inv.,20191210,5754.0,5550.0,5724.0,131820123164,23029588,2838,D,5480.0,5551.0
3421,Tukafoolad.Inv.,20191211,5751.0,5500.0,5612.0,58031840672,10339878,1863,D,5724.0,5560.0
3422,Tukafoolad.Inv.,20191214,5840.0,5572.0,5695.0,50358402396,8841952,1760,D,5612.0,5699.0
3423,Tukafoolad.Inv.,20191215,5649.0,5367.0,5441.0,145123441733,26674206,2725,D,5695.0,5495.0
3424,Tukafoolad.Inv.,20191216,5713.0,5441.0,5683.0,215149169363,37861263,3107,D,5441.0,5713.0
3425,Tukafoolad.Inv.,20191217,5948.0,5700.0,5835.0,79182386076,13571196,2438,D,5683.0,5791.0
3426,Tukafoolad.Inv.,20191218,5817.0,5617.0,5710.0,88404120447,15482424,2114,D,5835.0,5736.0
3427,Tukafoolad.Inv.,20191221,5857.0,5725.0,5780.0,71866190576,12434547,1462,D,5710.0,5747.0
3428,Tukafoolad.Inv.,20191222,5747.0,5612.0,5660.0,72055217226,12731496,1843,D,5780.0,5669.0
3429,Tukafoolad.Inv.,20191223,5800.0,5377.0,5636.0,97556410180,17310260,2068,D,5660.0,5571.0
3430,Tukafoolad.Inv.,20191224,5670.0,5480.0,5569.0,73447577020,13188718,2184,D,5636.0,5570.0
3431,Tukafoolad.Inv.,20191225,5650.0,5291.0,5457.0,100381689255,18393892,2336,D,5569.0,5458.0
3432,Tukafoolad.Inv.,20191228,5729.0,5667.0,5727.0,104558239313,18258308,1035,D,5457.0,5729.0
3433,Tukafoolad.Inv.,20191229,6013.0,5889.0,5995.0,259934039243,43358063,3423,D,5727.0,6013.0
3434,Tukafoolad.Inv.,20191230,6292.0,6065.0,6163.0,144176086135,23394784,4023,D,5995.0,6179.0
3435,Tukafoolad.Inv.,20191231,6138.0,5855.0,5945.0,136899210475,23028988,3973,D,6163.0,5977.0
3436,Tukafoolad.Inv.,20200101,6184.0,5923.0,6070.0,153909749510,25357553,2711,D,5945.0,6040.0
3437,Tukafoolad.Inv.,20200104,5767.0,5767.0,5767.0,193466886944,33547232,1120,D,6070.0,5767.0
3438,Tukafoolad.Inv.,20200105,5767.0,5479.0,5543.0,207091492746,37360122,2746,D,5767.0,5561.0
3439,Tukafoolad.Inv.,20200107,5649.0,5266.0,5330.0,65784400845,12341932,1058,D,5543.0,5266.0
3440,Tukafoolad.Inv.,20200108,5224.0,5224.0,5224.0,19272610656,3689244,171,D,5330.0,5224.0
3441,Tukafoolad.Inv.,20200111,5328.0,5328.0,5328.0,8820642528,1655526,89,D,5224.0,5328.0
3442,Tukafoolad.Inv.,20200112,5594.0,5594.0,5594.0,86456030784,15455136,746,D,5328.0,5594.0
3443,Tukafoolad.Inv.,20200113,5873.0,5710.0,5849.0,70792032036,12104221,983,D,5594.0,5873.0
3444,Tukafoolad.Inv.,20200114,6100.0,5852.0,5985.0,66075347213,11040293,1610,D,5849.0,5999.0
3445,Tukafoolad.Inv.,20200115,6187.0,5863.0,6079.0,85256277689,14024049,1929,D,5985.0,6180.0
3446,Tukafoolad.Inv.,20200118,6382.0,6249.0,6378.0,331313666017,51947387,2688,D,6079.0,6382.0
3447,Tukafoolad.Inv.,20200119,6696.0,6420.0,6647.0,110911020816,16685862,1220,D,6378.0,6696.0
3448,Tukafoolad.Inv.,20200120,6979.0,6910.0,6979.0,761277463114,109085662,4758,D,6647.0,6979.0
3449,Tukafoolad.Inv.,20200121,7200.0,6666.0,7031.0,372182914555,52934467,6624,D,6979.0,6901.0
3450,Tukafoolad.Inv.,20200122,7250.0,6893.0,7110.0,224003217785,31506483,4239,D,7031.0,7202.0
3451,Tukafoolad.Inv.,20200125,7465.0,7306.0,7443.0,99518058869,13370943,1415,D,7110.0,7465.0
3452,Tukafoolad.Inv.,20200126,7815.0,7300.0,7693.0,269356705785,35015193,3971,D,7443.0,7560.0
3453,Tukafoolad.Inv.,20200127,7599.0,7309.0,7415.0,179382790212,24191703,3197,D,7693.0,7311.0
3454,Tukafoolad.Inv.,20200128,7640.0,7100.0,7340.0,224138943257,30536694,3703,D,7415.0,7201.0
3455,Tukafoolad.Inv.,20200201,7292.0,6973.0,7066.0,195442281244,27661459,3460,D,7340.0,7019.0
3456,Tukafoolad.Inv.,20200202,7275.0,6985.0,7134.0,106561824344,14937577,2285,D,7066.0,7240.0
3457,Tukafoolad.Inv.,20200203,7490.0,7130.0,7365.0,183043771853,24852612,2965,D,7134.0,7490.0
3458,Tukafoolad.Inv.,20200204,7669.0,7186.0,7402.0,79556143134,10747478,1701,D,7365.0,7380.0
3459,Tukafoolad.Inv.,20200205,7772.0,7195.0,7565.0,150341859148,19873493,2618,D,7402.0,7700.0
3460,Tukafoolad.Inv.,20200208,7860.0,7291.0,7485.0,75734591432,10117732,2274,D,7565.0,7400.0
3461,Tukafoolad.Inv.,20200209,7499.0,7111.0,7256.0,130078191418,17927921,2430,D,7485.0,7170.0
3462,Tukafoolad.Inv.,20200210,7299.0,6894.0,6987.0,92510164569,13240263,1963,D,7256.0,6921.0
3463,Tukafoolad.Inv.,20200212,7245.0,7160.0,7204.0,68267494422,9476175,1664,D,6987.0,7230.0
3464,Tukafoolad.Inv.,20200215,7351.0,7150.0,7248.0,77074590471,10634263,1846,D,7204.0,7290.0
3465,Tukafoolad.Inv.,20200216,7599.0,7120.0,7347.0,131677381058,17923748,2680,D,7248.0,7550.0
3466,Tukafoolad.Inv.,20200217,7564.0,7150.0,7332.0,72429978072,9878992,1653,D,7347.0,7200.0
3467,Tukafoolad.Inv.,20200218,7290.0,7039.0,7132.0,62096256088,8706130,1617,D,7332.0,7092.0
3468,Tukafoolad.Inv.,20200219,7225.0,7100.0,7181.0,76761637032,10690039,2064,D,7132.0,7190.0
3469,Tukafoolad.Inv.,20200222,7400.0,6823.0,7170.0,71157350158,9924585,1914,D,7181.0,7400.0
3470,Tukafoolad.Inv.,20200223,7528.0,7375.0,7510.0,154044103835,20512634,1454,D,7170.0,7528.0
3471,Tukafoolad.Inv.,20200224,7885.0,7833.0,7884.0,280024671494,35517589,2321,D,7510.0,7885.0
3472,Tukafoolad.Inv.,20200225,8278.0,8270.0,8278.0,124411948282,15029364,1036,D,7884.0,8278.0
3473,Tukafoolad.Inv.,20200226,8691.0,8120.0,8472.0,305153438542,36020404,4052,D,8278.0,8170.0
3474,Tukafoolad.Inv.,20200229,8320.0,8049.0,8063.0,183460206625,22753342,2441,D,8472.0,8049.0
3475,Tukafoolad.Inv.,20200301,8466.0,8047.0,8385.0,180493590547,21526960,2722,D,8063.0,8420.0
3476,Tukafoolad.Inv.,20200302,8670.0,8261.0,8463.0,166257527651,19645969,2935,D,8385.0,8650.0
3477,Tukafoolad.Inv.,20200303,8886.0,8650.0,8852.0,81546268700,9211881,1120,D,8463.0,8886.0
3478,Tukafoolad.Inv.,20200304,9294.0,8900.0,9234.0,171022048949,18521488,1942,D,8852.0,9294.0
3479,Tukafoolad.Inv.,20200307,9350.0,8773.0,9033.0,92118417606,10197675,2159,D,9234.0,8888.0
3480,Tukafoolad.Inv.,20200309,8849.0,8582.0,8735.0,30793538059,3587590,554,D,9033.0,8582.0
3481,Tukafoolad.Inv.,20200310,8352.0,8299.0,8301.0,155719641077,18759498,1502,D,8735.0,8299.0
3482,Tukafoolad.Inv.,20200311,8700.0,7900.0,8191.0,106250918173,12971705,2188,D,8301.0,7980.0
3483,Tukafoolad.Inv.,20200314,7886.0,7782.0,7782.0,115760880234,14874802,991,D,8191.0,7782.0
3484,Tukafoolad.Inv.,20200315,7600.0,7393.0,7410.0,130994288947,17678144,1989,D,7782.0,7405.0
3485,Tukafoolad.Inv.,20200316,7774.0,7320.0,7579.0,81486572909,10751163,1775,D,7410.0,7626.0
3486,Tukafoolad.Inv.,20200317,7616.0,7201.0,7432.0,72367658937,9736734,1412,D,7579.0,7530.0
3487,Tukafoolad.Inv.,20200318,7803.0,7433.0,7721.0,48705147479,6308388,630,D,7432.0,7803.0
3488,Tukafoolad.Inv.,20200324,8003.0,7512.0,7804.0,102457158891,13128689,1680,D,7721.0,7803.0
3489,Tukafoolad.Inv.,20200325,8194.0,7999.0,8118.0,68467159712,8433969,830,D,7804.0,8194.0
3490,Tukafoolad.Inv.,20200328,8523.0,8523.0,8520.0,52149228381,6118647,643,D,8118.0,8523.0
3491,Tukafoolad.Inv.,20200329,8946.0,8894.0,8945.0,61053691646,6825343,722,D,8520.0,8946.0
3492,Tukafoolad.Inv.,20200330,9392.0,8502.0,9216.0,196154161876,21283576,2602,D,8945.0,9392.0
3493,Tukafoolad.Inv.,20200404,9676.0,9610.0,9664.0,122885824286,12715523,1870,D,9216.0,9676.0
3494,Tukafoolad.Inv.,20200405,10147.0,9700.0,10041.0,230882869804,22994015,3413,D,9664.0,10147.0
3495,Tukafoolad.Inv.,20200406,10543.0,9900.0,10312.0,143731602613,13938504,2540,D,10041.0,10315.0
3496,Tukafoolad.Inv.,20200407,10827.0,10380.0,10735.0,122709542631,11430721,1881,D,10312.0,10827.0
3497,Tukafoolad.Inv.,20200408,11271.0,10870.0,11187.0,171623087729,15341474,2415,D,10735.0,11270.0
3498,Tukafoolad.Inv.,20200411,11200.0,10730.0,11063.0,108426026115,9800407,2305,D,11187.0,10999.0
3499,Tukafoolad.Inv.,20200412,11589.0,10802.0,11119.0,22990956943,2055744,505,D,11063.0,11587.0
3500,Tukafoolad.Inv.,20200415,12257.0,11674.0,12137.0,106734400468,8794241,1559,D,11119.0,12257.0
3501,Tukafoolad.Inv.,20200418,12743.0,12675.0,12743.0,148429019625,11647929,1491,D,12137.0,12743.0
3502,Tukafoolad.Inv.,20200419,13380.0,12106.0,13249.0,235343668228,17762555,1984,D,12743.0,12899.0
3503,Tukafoolad.Inv.,20200420,13911.0,13200.0,13845.0,199426700193,14404598,2133,D,13249.0,13911.0
3504,Tukafoolad.Inv.,20200421,14537.0,14440.0,14530.0,339826127120,23387322,3356,D,13845.0,14537.0
3505,Tukafoolad.Inv.,20200422,15256.0,14550.0,15172.0,234874133952,15480355,2897,D,14530.0,15256.0
3506,Tukafoolad.Inv.,20200425,15930.0,15350.0,15891.0,464042088725,29201610,3760,D,15172.0,15930.0
3507,Tukafoolad.Inv.,20200426,16685.0,15099.0,15990.0,598432453070,37425008,7029,D,15891.0,15670.0
3508,Tukafoolad.Inv.,20200427,15880.0,15191.0,15286.0,509313851625,33318351,6451,D,15990.0,15205.0
3509,Tukafoolad.Inv.,20200428,16049.0,15000.0,15645.0,357751737170,22867453,4618,D,15286.0,15300.0
3510,Tukafoolad.Inv.,20200429,16427.0,15766.0,16312.0,242607221486,14873067,2397,D,15645.0,16427.0
3511,Tukafoolad.Inv.,20200502,17127.0,17127.0,17127.0,142523409501,8321563,1289,D,16312.0,17127.0
3512,Tukafoolad.Inv.,20200503,17983.0,17800.0,17974.0,351029191424,19530071,2961,D,17127.0,17983.0
3513,Tukafoolad.Inv.,20200504,18500.0,17076.0,17489.0,455885734108,26066589,5992,D,17974.0,17076.0
3514,Tukafoolad.Inv.,20200505,17500.0,16615.0,16883.0,187143283596,11084639,2562,D,17489.0,16615.0
3515,Tukafoolad.Inv.,20200506,16615.0,16039.0,16083.0,455375359512,28313244,3547,D,16883.0,16039.0
3516,Tukafoolad.Inv.,20200510,17500.0,16625.0,16748.0,362732000204,21658719,3380,D,16083.0,16625.0
3517,Tukafoolad.Inv.,20200511,16500.0,15911.0,15957.0,270114561114,16928166,2238,D,16748.0,15911.0
3518,Tukafoolad.Inv.,20200512,15612.0,15160.0,15181.0,93179553272,6137741,1074,D,15957.0,15160.0
3519,Tukafoolad.Inv.,20200513,15383.0,14422.0,14564.0,597451698099,41022346,4746,D,15181.0,14501.0
3520,Tukafoolad.Inv.,20200516,14270.0,13145.0,13719.0,194846974443,14202651,2840,D,14564.0,13502.0
3521,Tukafoolad.Inv.,20200517,14404.0,13200.0,14162.0,193502755256,13663571,2653,D,13719.0,14404.0
3522,Tukafoolad.Inv.,20200518,14870.0,14870.0,14809.0,46639784740,3136502,329,D,14162.0,14870.0
3523,Tukafoolad.Inv.,20200519,15549.0,15549.0,15549.0,53516470455,3441795,368,D,14809.0,15549.0
3524,Tukafoolad.Inv.,20200520,16326.0,15612.0,16302.0,593835501391,36427092,3679,D,15549.0,16326.0
3525,Tukafoolad.Inv.,20200523,17117.0,16980.0,17098.0,441961566233,25848937,3642,D,16302.0,17117.0
3526,Tukafoolad.Inv.,20200526,17383.0,16244.0,16857.0,178741000000,10603597,2580,D,17146.0,16244.0
3527,Tukafoolad.Inv.,20200527,17475.0,16015.0,16618.0,230136401486,13848619,3070,D,16857.0,16945.0
3528,Tukafoolad.Inv.,20200530,17448.0,17200.0,17405.0,144848100224,8322179,1210,D,16618.0,17448.0
3529,Tukafoolad.Inv.,20200531,18275.0,16666.0,17742.0,264756365941,14922861,3449,D,17405.0,17660.0
3530,Tukafoolad.Inv.,20200601,18629.0,17746.0,18493.0,297308099596,16076883,2643,D,17742.0,18629.0
3531,Tukafoolad.Inv.,20200602,19417.0,19416.0,19417.0,512496118149,26394197,2013,D,18493.0,19417.0
3532,Tukafoolad.Inv.,20200606,20387.0,20000.0,20385.0,183182700940,8986215,1382,D,19417.0,20387.0
3533,Tukafoolad.Inv.,20200607,21404.0,21271.0,21401.0,85183836017,3980379,868,D,20385.0,21271.0
3534,Tukafoolad.Inv.,20200616,22070.0,22070.0,22070.0,159718890610,7236923,764,D,21020.0,22070.0
3535,Tukafoolad.Inv.,20200620,23000.0,20970.0,21610.0,1005372023740,46525860,9296,D,22070.0,22500.0
3536,Tukafoolad.Inv.,20200621,22690.0,22350.0,22610.0,361556528220,15994124,3081,D,21610.0,22690.0
3537,Tukafoolad.Inv.,20200622,23740.0,23590.0,23730.0,163867833980,6904440,1209,D,22610.0,23740.0
3538,Tukafoolad.Inv.,20200623,24910.0,24710.0,24900.0,531795354080,21357093,2831,D,23730.0,24910.0
3539,Tukafoolad.Inv.,20200624,26140.0,24000.0,25740.0,552824886870,21476383,3219,D,24900.0,26140.0
3540,Tukafoolad.Inv.,20200627,27020.0,27020.0,27020.0,103271601860,3822043,638,D,25740.0,27020.0
3541,Tukafoolad.Inv.,20200628,28370.0,25670.0,27360.0,524120797200,19153241,4530,D,27020.0,26300.0
3542,Tukafoolad.Inv.,20200629,27750.0,26000.0,26340.0,444009583750,16857598,3622,D,27360.0,26540.0
3543,Tukafoolad.Inv.,20200630,27650.0,26500.0,27410.0,146873517280,5358325,1307,D,26340.0,27650.0
3544,Tukafoolad.Inv.,20200701,28780.0,28500.0,28780.0,226411147710,7867058,1375,D,27410.0,28780.0
3545,Tukafoolad.Inv.,20200704,30210.0,27350.0,29260.0,677916753390,23168744,4756,D,28780.0,28800.0
3546,Tukafoolad.Inv.,20200705,30720.0,28000.0,29970.0,498600137100,16634422,3647,D,29260.0,30710.0
3547,Tukafoolad.Inv.,20200706,31460.0,30010.0,30980.0,853738693640,27555355,2914,D,29970.0,31460.0
3548,Tukafoolad.Inv.,20200707,32520.0,32170.0,32510.0,812433902890,24989621,3382,D,30980.0,32520.0
3549,Tukafoolad.Inv.,20200708,34130.0,30890.0,32960.0,1401238267320,42516121,7047,D,32510.0,30910.0
3550,Tukafoolad.Inv.,20200711,32910.0,31320.0,31570.0,504428149230,15977401,3054,D,32960.0,31360.0
3551,Tukafoolad.Inv.,20200712,33140.0,30000.0,31880.0,556936403700,17471711,3925,D,31570.0,30100.0
3552,Tukafoolad.Inv.,20200713,31000.0,30290.0,30310.0,521447529450,17202708,3074,D,31880.0,30290.0
3553,Tukafoolad.Inv.,20200714,30000.0,28800.0,28830.0,188961392480,6555002,1515,D,30310.0,28800.0
3554,Tukafoolad.Inv.,20200715,27390.0,27390.0,27390.0,168282324870,6143933,986,D,28830.0,27390.0
3555,Tukafoolad.Inv.,20200718,28100.0,26030.0,26630.0,645484097820,24241690,6976,D,27390.0,26970.0
3556,Tukafoolad.Inv.,20200719,27960.0,27200.0,27930.0,446944714710,16004654,2954,D,26630.0,27960.0
3557,Tukafoolad.Inv.,20200720,29280.0,26540.0,27620.0,545302145800,19739497,5662,D,27930.0,26540.0
3558,Tukafoolad.Inv.,20200721,26420.0,26240.0,26240.0,301701634110,11496462,3270,D,27620.0,26240.0
3559,Tukafoolad.Inv.,20200722,26240.0,24930.0,25340.0,452964010770,17878417,4973,D,26240.0,25800.0
3560,Tukafoolad.Inv.,20200725,26600.0,26600.0,26600.0,228966256400,8607754,1935,D,25340.0,26600.0
3561,Tukafoolad.Inv.,20200726,27930.0,26000.0,27350.0,326298047130,11930953,5565,D,26600.0,26590.0
3562,Tukafoolad.Inv.,20200727,27370.0,25990.0,26440.0,373208339770,14115816,4234,D,27350.0,26010.0
3563,Tukafoolad.Inv.,20200728,27760.0,25950.0,27300.0,516422391650,18917957,4914,D,26440.0,26500.0
3564,Tukafoolad.Inv.,20200729,27490.0,25940.0,26160.0,346099077570,13231596,4214,D,27300.0,26590.0
3565,Tukafoolad.Inv.,20200811,17500.0,16150.0,16650.0,111573206930,6701675,884,D,17120.0,16950.0
3566,Tukafoolad.Inv.,20200812,17480.0,15820.0,16500.0,142802208280,8654059,1337,D,16650.0,15820.0
3567,Tukafoolad.Inv.,20200815,15680.0,15680.0,16070.0,24827743360,1583402,327,D,16500.0,15680.0
3568,Tukafoolad.Inv.,20200816,15270.0,15270.0,15730.0,19827591090,1298467,228,D,16070.0,15270.0
3569,Tukafoolad.Inv.,20200817,16200.0,14940.0,15280.0,274144221290,17946870,2967,D,15730.0,15530.0
3570,Tukafoolad.Inv.,20200818,15660.0,14520.0,14540.0,313930514790,21593012,1518,D,15280.0,14520.0
3571,Tukafoolad.Inv.,20200819,13820.0,13820.0,14290.0,14691544480,1063064,228,D,14540.0,13820.0
3572,Tukafoolad.Inv.,20200822,14500.0,13580.0,13630.0,129180827770,9475402,1710,D,14290.0,13580.0
3573,Tukafoolad.Inv.,20200823,13590.0,12950.0,13120.0,83214189200,6344395,740,D,13630.0,12950.0
3574,Tukafoolad.Inv.,20200824,12980.0,12470.0,12580.0,45524712100,3619651,504,D,13120.0,12470.0
3575,Tukafoolad.Inv.,20200825,13200.0,12470.0,13060.0,142218907530,10888971,1479,D,12580.0,13200.0
3576,Tukafoolad.Inv.,20200826,13710.0,13560.0,13710.0,59737240100,4358037,831,D,13060.0,13710.0
3577,Tukafoolad.Inv.,20200831,14390.0,13030.0,13640.0,136839023790,10029732,1807,D,13710.0,13030.0
3578,Tukafoolad.Inv.,20200901,13100.0,12960.0,13360.0,19314242080,1490147,391,D,13640.0,12960.0
3579,Tukafoolad.Inv.,20200902,12700.0,12700.0,13180.0,12947345200,1019476,164,D,13360.0,12700.0
3580,Tukafoolad.Inv.,20200905,13130.0,12530.0,12570.0,201242572820,16010603,2027,D,13180.0,12900.0
3581,Tukafoolad.Inv.,20200906,13190.0,11950.0,12330.0,145326316700,11784036,1994,D,12570.0,11950.0
3582,Tukafoolad.Inv.,20200907,11950.0,11720.0,11720.0,72935750480,6222384,413,D,12330.0,11720.0
3583,Tukafoolad.Inv.,20200908,11140.0,11140.0,11460.0,18728434320,1681188,103,D,11720.0,11140.0
3584,Tukafoolad.Inv.,20200909,11770.0,10890.0,11100.0,182930200780,16479500,2157,D,11460.0,11690.0
3585,Tukafoolad.Inv.,20200912,11650.0,11100.0,11530.0,88272902490,7654128,1203,D,11100.0,11630.0
3586,Tukafoolad.Inv.,20200913,11630.0,10960.0,11100.0,52220994890,4705108,770,D,11530.0,10960.0
3587,Tukafoolad.Inv.,20200914,11550.0,10550.0,10970.0,201747121940,18387960,2390,D,11100.0,11220.0
3588,Tukafoolad.Inv.,20200915,11510.0,11200.0,11480.0,58633047880,5107130,603,D,10970.0,11510.0
3589,Tukafoolad.Inv.,20200916,12050.0,11600.0,12040.0,255090381010,21188345,1926,D,11480.0,12050.0
3590,Tukafoolad.Inv.,20200919,12640.0,11600.0,12520.0,206553800820,16500045,2182,D,12040.0,12500.0
3591,Tukafoolad.Inv.,20200920,12650.0,11900.0,12090.0,65552114830,5422291,1397,D,12520.0,11900.0
3592,Tukafoolad.Inv.,20200921,11980.0,11490.0,11920.0,21967744690,1874440,221,D,12090.0,11490.0
3593,Tukafoolad.Inv.,20200922,12250.0,11330.0,11750.0,98495021130,8385409,1238,D,11920.0,12000.0
3594,Tukafoolad.Inv.,20200923,12330.0,12000.0,12300.0,93452286370,7600780,1137,D,11750.0,12330.0
3595,Tukafoolad.Inv.,20200926,12910.0,12890.0,12910.0,105756493540,8191860,1001,D,12300.0,12910.0
3596,Tukafoolad.Inv.,20200927,13420.0,12270.0,12830.0,149900091390,11686787,2041,D,12910.0,12500.0
3597,Tukafoolad.Inv.,20200928,12500.0,12190.0,12590.0,19902714610,1628586,264,D,12830.0,12190.0
3598,Tukafoolad.Inv.,20200929,13160.0,11970.0,12630.0,136492961410,10806826,1756,D,12590.0,13090.0
3599,Tukafoolad.Inv.,20200930,13260.0,12640.0,13130.0,110429386320,8412270,1527,D,12630.0,13260.0
3600,Tukafoolad.Inv.,20201003,13780.0,12850.0,13720.0,169962972940,12388258,1899,D,13130.0,13730.0
3601,Tukafoolad.Inv.,20201004,14000.0,13040.0,13250.0,69254361090,5227565,860,D,13720.0,13040.0
3602,Tukafoolad.Inv.,20201005,12590.0,12590.0,13040.0,15022325050,1193195,171,D,13250.0,12590.0
3603,Tukafoolad.Inv.,20201006,13690.0,12390.0,13120.0,278453804370,21216419,2772,D,13040.0,13690.0
3604,Tukafoolad.Inv.,20201007,13770.0,13200.0,13720.0,158793067420,11576479,1698,D,13120.0,13770.0
3605,Tukafoolad.Inv.,20201010,13800.0,13040.0,13350.0,119414862430,8947325,1805,D,13720.0,13050.0
3606,Tukafoolad.Inv.,20201011,14010.0,13050.0,13850.0,255706962310,18464371,1945,D,13350.0,13480.0
3607,Tukafoolad.Inv.,20201012,14440.0,13160.0,13510.0,100699201900,7452758,1226,D,13850.0,13200.0
3608,Tukafoolad.Inv.,20201013,13800.0,12840.0,13260.0,74840226680,5644770,935,D,13510.0,13290.0
3609,Tukafoolad.Inv.,20201014,13200.0,12600.0,12640.0,61243381950,4843824,920,D,13260.0,12800.0
3610,Tukafoolad.Inv.,20201018,12720.0,12010.0,12130.0,103241826610,8508716,961,D,12640.0,12290.0
3611,Tukafoolad.Inv.,20201019,11530.0,11530.0,11980.0,11035466770,957109,155,D,12130.0,11530.0
3612,Tukafoolad.Inv.,20201020,11990.0,11390.0,11430.0,84999958540,7434479,587,D,11980.0,11540.0
3613,Tukafoolad.Inv.,20201021,12000.0,10860.0,11090.0,60932769670,5492083,950,D,11430.0,10870.0
3614,Tukafoolad.Inv.,20201024,11070.0,10540.0,10840.0,35186304940,3273606,325,D,11090.0,10540.0
3615,Tukafoolad.Inv.,20201026,10380.0,10300.0,10300.0,75320521270,7310488,716,D,10840.0,10380.0
3616,Tukafoolad.Inv.,20201027,10300.0,9790.0,9890.0,41375503310,4196918,475,D,10300.0,9790.0
3617,Tukafoolad.Inv.,20201028,10050.0,9400.0,9550.0,41404708350,4339544,836,D,9890.0,9560.0
3618,Tukafoolad.Inv.,20201101,9300.0,9080.0,9300.0,26176798990,2880317,375,D,9550.0,9080.0
3619,Tukafoolad.Inv.,20201102,9260.0,8870.0,9290.0,974455870,109577,29,D,9300.0,8870.0
3620,Tukafoolad.Inv.,20201121,9750.0,9750.0,9420.0,14468863500,1483986,164,D,9290.0,9750.0
3621,Tukafoolad.Inv.,20201122,9890.0,9890.0,9550.0,14709456340,1487306,176,D,9420.0,9890.0
3622,Tukafoolad.Inv.,20201123,10020.0,10020.0,9790.0,27938685840,2788292,133,D,9550.0,10020.0
3623,Tukafoolad.Inv.,20201124,10270.0,10270.0,10050.0,30260010690,2946447,167,D,9790.0,10270.0
3624,Tukafoolad.Inv.,20201125,10550.0,10550.0,10210.0,17811090250,1688255,133,D,10050.0,10550.0
3625,Tukafoolad.Inv.,20201128,10720.0,10720.0,10470.0,26414626720,2464051,132,D,10210.0,10720.0
3626,Tukafoolad.Inv.,20201129,10990.0,10990.0,10600.0,13327232310,1212669,107,D,10470.0,10990.0
3627,Tukafoolad.Inv.,20201130,11130.0,11130.0,10710.0,11567464650,1039305,126,D,10600.0,11130.0
3628,Tukafoolad.Inv.,20201201,11240.0,11240.0,10830.0,11967093120,1064688,132,D,10710.0,11240.0
3629,Tukafoolad.Inv.,20201202,11370.0,11370.0,10970.0,14597624640,1283872,154,D,10830.0,11370.0
3630,Tukafoolad.Inv.,20201205,11510.0,11510.0,11230.0,24878922550,2161505,149,D,10970.0,11510.0
3631,Tukafoolad.Inv.,20201206,11790.0,11790.0,11350.0,11871150570,1006883,123,D,11230.0,11790.0
3632,Tukafoolad.Inv.,20201207,11910.0,11910.0,11530.0,17372902620,1458682,232,D,11350.0,11910.0
3633,Tukafoolad.Inv.,20201208,12100.0,12100.0,11720.0,18114401800,1497058,172,D,11530.0,12100.0
3634,Tukafoolad.Inv.,20201209,12300.0,12300.0,11960.0,23424292200,1904414,187,D,11720.0,12300.0
3635,Tukafoolad.Inv.,20201212,12550.0,12550.0,12210.0,22589058750,1799925,151,D,11960.0,12550.0
3636,Tukafoolad.Inv.,20201213,12820.0,12820.0,12710.0,44014111160,3433238,193,D,12210.0,12820.0
3637,Tukafoolad.Inv.,20201214,13340.0,12710.0,13310.0,956276055510,71830972,3918,D,12710.0,13080.0
3638,Tukafoolad.Inv.,20201215,13900.0,12650.0,13060.0,861695430180,65962873,7498,D,13310.0,13170.0
3639,Tukafoolad.Inv.,20201216,13710.0,13250.0,13700.0,679756031440,49602866,3311,D,13060.0,13710.0
3640,Tukafoolad.Inv.,20201219,14380.0,13600.0,14120.0,691611036800,48968672,6277,D,13700.0,13680.0
3641,Tukafoolad.Inv.,20201220,13960.0,13420.0,13490.0,426619180410,31627103,4311,D,14120.0,13420.0
3642,Tukafoolad.Inv.,20201221,14160.0,13400.0,14080.0,403886063520,28692605,3475,D,13490.0,14160.0
3643,Tukafoolad.Inv.,20201222,14650.0,13400.0,14150.0,319565385710,22591196,4446,D,14080.0,13910.0
3644,Tukafoolad.Inv.,20201223,14850.0,13470.0,14230.0,370619596580,26039653,4534,D,14150.0,14850.0
3645,Tukafoolad.Inv.,20201226,14940.0,14940.0,14940.0,69609224880,4659252,454,D,14230.0,14940.0
3646,Tukafoolad.Inv.,20201227,15680.0,14510.0,15230.0,566056251950,37160139,5551,D,14940.0,15300.0
3647,Tukafoolad.Inv.,20201228,15750.0,14470.0,14690.0,310842716750,21160562,3104,D,15230.0,14600.0
3648,Tukafoolad.Inv.,20201229,15190.0,13960.0,14090.0,228770914850,16235760,2218,D,14690.0,14040.0
3649,Tukafoolad.Inv.,20201230,14700.0,13390.0,14210.0,264721096220,18635639,2801,D,14090.0,13700.0
3650,Tukafoolad.Inv.,20210102,14000.0,13500.0,13530.0,238038369940,17596787,1748,D,14210.0,13500.0
3651,Tukafoolad.Inv.,20210103,14160.0,12910.0,13630.0,114574346950,8404542,1949,D,13530.0,13400.0
3652,Tukafoolad.Inv.,20210104,14310.0,13350.0,14130.0,214098198220,15154048,1968,D,13630.0,14310.0
3653,Tukafoolad.Inv.,20210105,14830.0,14130.0,14640.0,213583590930,14592893,3148,D,14130.0,14300.0
3654,Tukafoolad.Inv.,20210106,14760.0,13910.0,13960.0,126816731740,9085949,1510,D,14640.0,14000.0
3655,Tukafoolad.Inv.,20210109,13800.0,13270.0,13350.0,130360088320,9767223,1654,D,13960.0,13700.0
3656,Tukafoolad.Inv.,20210110,14010.0,13700.0,14000.0,75147446070,5366941,749,D,13350.0,14010.0
3657,Tukafoolad.Inv.,20210111,14650.0,13720.0,14050.0,109564150950,7800901,1817,D,14000.0,13970.0
3658,Tukafoolad.Inv.,20210112,14450.0,13350.0,13460.0,94435133770,7018347,1170,D,14050.0,13350.0
3659,Tukafoolad.Inv.,20210113,13460.0,12790.0,12840.0,121702353000,9477592,1206,D,13460.0,12790.0
3660,Tukafoolad.Inv.,20210116,12490.0,12200.0,12590.0,19149550010,1568346,259,D,12840.0,12200.0
3661,Tukafoolad.Inv.,20210118,11970.0,11970.0,12310.0,21024634680,1756444,75,D,12590.0,11970.0
3662,Tukafoolad.Inv.,20210119,12370.0,11700.0,11780.0,271197439770,23013495,1922,D,12310.0,11730.0
3663,Tukafoolad.Inv.,20210120,12360.0,11300.0,12150.0,76449604040,6291441,1044,D,11780.0,12360.0
3664,Tukafoolad.Inv.,20210123,12750.0,12210.0,12720.0,60958427210,4792472,581,D,12150.0,12750.0
3665,Tukafoolad.Inv.,20210124,13350.0,12090.0,12620.0,137644795700,10908305,1623,D,12720.0,12270.0
3666,Tukafoolad.Inv.,20210125,12900.0,11990.0,12300.0,68492759520,5569426,1051,D,12620.0,12090.0
3667,Tukafoolad.Inv.,20210126,12400.0,11690.0,11770.0,51546010710,4381300,536,D,12300.0,11690.0
3668,Tukafoolad.Inv.,20210127,11690.0,11190.0,11240.0,105046428680,9348379,1061,D,11770.0,11240.0
3669,Tukafoolad.Inv.,20210130,11800.0,11100.0,11660.0,62916164080,5394139,1027,D,11240.0,11800.0
3670,Tukafoolad.Inv.,20210131,12000.0,11080.0,11270.0,73573088750,6527945,896,D,11660.0,11080.0
3671,Tukafoolad.Inv.,20210201,11270.0,10710.0,10810.0,47523844180,4396597,565,D,11270.0,10710.0
3672,Tukafoolad.Inv.,20210202,10530.0,10270.0,10280.0,79483738730,7734409,795,D,10810.0,10270.0
3673,Tukafoolad.Inv.,20210203,10470.0,9770.0,9850.0,73502334270,7461888,896,D,10280.0,9770.0
3674,Tukafoolad.Inv.,20210206,10340.0,9360.0,10080.0,89306281240,8857831,1055,D,9850.0,10340.0
3675,Tukafoolad.Inv.,20210207,10580.0,10580.0,10330.0,26485855620,2503389,177,D,10080.0,10580.0
3676,Tukafoolad.Inv.,20210208,10840.0,10840.0,10660.0,35819630960,3304394,237,D,10330.0,10840.0
3677,Tukafoolad.Inv.,20210209,11190.0,11190.0,10910.0,27128465310,2424349,181,D,10660.0,11190.0
3678,Tukafoolad.Inv.,20210213,11560.0,11560.0,11380.0,38426642240,3324104,169,D,10910.0,11560.0
3679,Tukafoolad.Inv.,20210214,12060.0,11630.0,12030.0,372393884310,30962342,2508,D,11380.0,12060.0
3680,Tukafoolad.Inv.,20210215,12450.0,11790.0,12050.0,157335104160,13051998,1862,D,12030.0,12010.0
3681,Tukafoolad.Inv.,20210216,12180.0,11810.0,11950.0,29354750880,2475763,444,D,12050.0,11810.0
3682,Tukafoolad.Inv.,20210217,12150.0,11720.0,11730.0,61136307370,5210236,730,D,11950.0,11720.0
3683,Tukafoolad.Inv.,20210220,11730.0,11500.0,11670.0,13504315330,1173840,138,D,11730.0,11500.0
3684,Tukafoolad.Inv.,20210221,11440.0,11440.0,11660.0,1368224000,119600,20,D,11670.0,11440.0
3685,Tukafoolad.Inv.,20210222,11430.0,11430.0,11630.0,5983147800,523460,24,D,11660.0,11430.0
3686,Tukafoolad.Inv.,20210223,11600.0,11400.0,11400.0,103110838030,9043120,684,D,11630.0,11500.0
3687,Tukafoolad.Inv.,20210224,11500.0,11180.0,11360.0,13754351600,1222310,183,D,11400.0,11180.0
3688,Tukafoolad.Inv.,20210227,11140.0,11140.0,11360.0,191429760,17184,12,D,11360.0,11140.0
3689,Tukafoolad.Inv.,20210228,11140.0,11140.0,11360.0,436821680,39212,19,D,11360.0,11140.0
3690,Tukafoolad.Inv.,20210301,11140.0,11140.0,11360.0,784634760,70434,28,D,11360.0,11140.0
3691,Tukafoolad.Inv.,20210302,11140.0,11140.0,11350.0,1919711640,172326,35,D,11360.0,11140.0
3692,Tukafoolad.Inv.,20210303,11130.0,11130.0,11350.0,314633970,28269,13,D,11350.0,11130.0
3693,Tukafoolad.Inv.,20210306,11130.0,11130.0,11350.0,195565230,17571,14,D,11350.0,11130.0
3694,Tukafoolad.Inv.,20210307,11130.0,11130.0,11340.0,2197217820,197414,32,D,11350.0,11130.0
3695,Tukafoolad.Inv.,20210308,11390.0,11120.0,11150.0,253784306530,22763250,2007,D,11340.0,11130.0
3696,Tukafoolad.Inv.,20210309,11390.0,10930.0,10990.0,68247191360,6210849,684,D,11150.0,10930.0
3697,Tukafoolad.Inv.,20210310,10780.0,10780.0,10980.0,2826494440,262198,84,D,10990.0,10780.0
3698,Tukafoolad.Inv.,20210315,11630.0,11280.0,11610.0,112610711280,9701338,552,D,10980.0,11630.0
3699,Tukafoolad.Inv.,20210316,12300.0,12010.0,12290.0,169463808310,13783484,974,D,11610.0,12300.0
3700,Tukafoolad.Inv.,20210317,12660.0,12100.0,12400.0,92461058890,7458231,1361,D,12290.0,12340.0
3701,Tukafoolad.Inv.,20210327,12540.0,12160.0,12290.0,36259388950,2960592,546,D,12400.0,12160.0
3702,Tukafoolad.Inv.,20210328,12160.0,12050.0,12210.0,15339606220,1272958,132,D,12290.0,12050.0
3703,Tukafoolad.Inv.,20210330,12490.0,11970.0,12110.0,65218902560,5386232,992,D,12210.0,12000.0
3704,Tukafoolad.Inv.,20210331,12250.0,11870.0,12030.0,19381726670,1628472,432,D,12110.0,11870.0
3705,Tukafoolad.Inv.,20210403,11800.0,11790.0,12000.0,5325802350,451595,50,D,12030.0,11790.0
3706,Tukafoolad.Inv.,20210404,11760.0,11760.0,12000.0,163170000,13875,7,D,12000.0,11760.0
3707,Tukafoolad.Inv.,20210405,11760.0,11760.0,11990.0,1750428960,148846,18,D,12000.0,11760.0
3708,Tukafoolad.Inv.,20210406,11760.0,11760.0,11980.0,2084718720,177272,24,D,11990.0,11760.0
3709,Tukafoolad.Inv.,20210407,11750.0,11750.0,11980.0,453080000,38560,5,D,11980.0,11750.0
3710,Tukafoolad.Inv.,20210410,11750.0,11750.0,11980.0,64437000,5484,7,D,11980.0,11750.0
3711,Tukafoolad.Inv.,20210411,11750.0,11750.0,11970.0,1373398750,116885,6,D,11980.0,11750.0
3712,Tukafoolad.Inv.,20210412,11740.0,11740.0,11970.0,280092920,23858,6,D,11970.0,11740.0
3713,Tukafoolad.Inv.,20210413,11740.0,11740.0,11950.0,4119084660,350859,32,D,11970.0,11740.0
3714,Tukafoolad.Inv.,20210414,11720.0,11720.0,11950.0,286155520,24416,9,D,11950.0,11720.0
3715,Tukafoolad.Inv.,20210417,11720.0,11720.0,11950.0,50396000,4300,1,D,11950.0,11720.0
3716,Tukafoolad.Inv.,20210418,11480.0,11480.0,11950.0,237578600,20695,10,D,11950.0,11480.0
3717,Tukafoolad.Inv.,20210419,11720.0,11720.0,11950.0,33554360,2863,6,D,11950.0,11720.0
3718,Tukafoolad.Inv.,20210420,11720.0,11720.0,11950.0,495216880,42254,12,D,11950.0,11720.0
3719,Tukafoolad.Inv.,20210421,11600.0,11600.0,11950.0,56573200,4877,5,D,11950.0,11600.0
3720,Tukafoolad.Inv.,20210424,11600.0,11600.0,11950.0,142680000,12300,9,D,11950.0,11600.0
3721,Tukafoolad.Inv.,20210425,11600.0,11600.0,11950.0,79866000,6885,5,D,11950.0,11600.0
3722,Tukafoolad.Inv.,20210426,11600.0,11600.0,11950.0,29382800,2533,3,D,11950.0,11600.0
3723,Tukafoolad.Inv.,20210427,11600.0,11600.0,11950.0,101616000,8760,7,D,11950.0,11600.0
3724,Tukafoolad.Inv.,20210428,11600.0,11600.0,11950.0,131741200,11357,6,D,11950.0,11600.0
3725,Tukafoolad.Inv.,20210501,11600.0,11600.0,11950.0,79831200,6882,4,D,11950.0,11600.0
3726,Tukafoolad.Inv.,20210502,11600.0,11600.0,11950.0,62640000,5400,3,D,11950.0,11600.0
3727,Tukafoolad.Inv.,20210503,11240.0,11240.0,11940.0,555087400,49385,15,D,11950.0,11240.0
3728,Tukafoolad.Inv.,20210505,11590.0,11590.0,11940.0,17999270,1553,3,D,11940.0,11590.0
3729,Tukafoolad.Inv.,20210508,11590.0,11590.0,11940.0,25555950,2205,2,D,11940.0,11590.0
3730,Tukafoolad.Inv.,20210510,9700.0,9160.0,10360.0,25608183560,2699928,370,D,11940.0,9700.0
3731,Tukafoolad.Inv.,20210511,10050.0,10050.0,10340.0,2853446250,283925,64,D,10360.0,10050.0
3732,Tukafoolad.Inv.,20210512,10680.0,10030.0,10120.0,133880527090,13226392,766,D,10340.0,10400.0
3733,Tukafoolad.Inv.,20210515,10570.0,9620.0,10260.0,86301755410,8407953,1248,D,10120.0,10440.0
3734,Tukafoolad.Inv.,20210516,10500.0,10000.0,10190.0,28358832390,2782942,614,D,10260.0,10040.0
3735,Tukafoolad.Inv.,20210517,10270.0,9690.0,9840.0,35767254800,3636701,509,D,10190.0,9690.0
3736,Tukafoolad.Inv.,20210518,9840.0,9350.0,9400.0,57835709850,6151939,515,D,9840.0,9350.0
3737,Tukafoolad.Inv.,20210519,9250.0,8930.0,8940.0,20169051140,2256087,314,D,9400.0,8930.0
3738,Tukafoolad.Inv.,20210522,8520.0,8500.0,8610.0,10649884990,1252762,84,D,8940.0,8500.0
3739,Tukafoolad.Inv.,20210523,8180.0,8180.0,8550.0,2058284320,251624,30,D,8610.0,8180.0
3740,Tukafoolad.Inv.,20210524,8130.0,8130.0,8530.0,779845860,95922,29,D,8550.0,8130.0
3741,Tukafoolad.Inv.,20210525,8110.0,8110.0,8440.0,2815929870,347217,50,D,8530.0,8110.0
3742,Tukafoolad.Inv.,20210526,8850.0,8020.0,8300.0,81158144680,9783252,1453,D,8440.0,8490.0
3743,Tukafoolad.Inv.,20210529,8710.0,8500.0,8710.0,109337894230,12557904,677,D,8300.0,8710.0
3744,Tukafoolad.Inv.,20210530,9030.0,8310.0,8700.0,46063891670,5296870,879,D,8710.0,8360.0
3745,Tukafoolad.Inv.,20210531,8560.0,8270.0,8300.0,15842045030,1909716,284,D,8700.0,8270.0
3746,Tukafoolad.Inv.,20210601,8700.0,7890.0,8310.0,96717843730,11636723,1930,D,8300.0,8540.0
3747,Tukafoolad.Inv.,20210602,8650.0,8330.0,8530.0,30199757600,3539152,811,D,8310.0,8590.0
3748,Tukafoolad.Inv.,20210607,8910.0,8270.0,8630.0,54085484620,6269849,904,D,8530.0,8770.0
3749,Tukafoolad.Inv.,20210608,9060.0,8800.0,9050.0,118660823160,13113691,1027,D,8630.0,9060.0
3750,Tukafoolad.Inv.,20210609,9200.0,8670.0,8880.0,34520401540,3889039,766,D,9050.0,8710.0
3751,Tukafoolad.Inv.,20210614,8780.0,8320.0,8680.0,111493911860,12845657,1362,D,8530.0,8780.0
3752,Tukafoolad.Inv.,20210615,8900.0,8280.0,8460.0,60308139320,7129382,1393,D,8680.0,8400.0
3753,Tukafoolad.Inv.,20210616,8460.0,8150.0,8290.0,32505934010,3919639,963,D,8460.0,8320.0
3754,Tukafoolad.Inv.,20210619,8460.0,8100.0,8330.0,42545352470,5107691,949,D,8290.0,8370.0
3755,Tukafoolad.Inv.,20210620,8470.0,8000.0,8110.0,37120043170,4577132,907,D,8330.0,8100.0
3756,Tukafoolad.Inv.,20210621,8220.0,7750.0,8030.0,48447976790,6033490,984,D,8110.0,8060.0
3757,Tukafoolad.Inv.,20210622,8430.0,8000.0,8290.0,70059610660,8448075,974,D,8030.0,8430.0
3758,Tukafoolad.Inv.,20210623,8700.0,8370.0,8620.0,51816179070,6014062,678,D,8290.0,8700.0
3759,Tukafoolad.Inv.,20210626,9050.0,8700.0,9020.0,104923748000,11633795,1076,D,8620.0,8860.0
3760,Tukafoolad.Inv.,20210627,9130.0,8710.0,8990.0,77560362410,8622986,1116,D,9020.0,8940.0
3761,Tukafoolad.Inv.,20210628,9350.0,8720.0,9080.0,107921665280,11882974,1358,D,8990.0,9090.0
3762,Tukafoolad.Inv.,20210629,9340.0,8830.0,9120.0,77982817720,8552777,1016,D,9080.0,9130.0
3763,Tukafoolad.Inv.,20210630,9190.0,8920.0,9060.0,51102288340,5639102,965,D,9120.0,8990.0
3764,Tukafoolad.Inv.,20210703,9160.0,8610.0,8690.0,67111374870,7726121,915,D,9060.0,8610.0
3765,Tukafoolad.Inv.,20210704,8900.0,8330.0,8630.0,36568247790,4236976,864,D,8690.0,8670.0
3766,Tukafoolad.Inv.,20210705,9060.0,8500.0,9050.0,57339831750,6338103,681,D,8630.0,9060.0
3767,Tukafoolad.Inv.,20210706,9500.0,9200.0,9490.0,128929723290,13578706,1128,D,9050.0,9500.0
3768,Tukafoolad.Inv.,20210707,9950.0,9210.0,9630.0,104297478780,10829532,1642,D,9490.0,9550.0
3769,Tukafoolad.Inv.,20210710,9960.0,9400.0,9730.0,85270004730,8763231,1392,D,9630.0,9900.0
3770,Tukafoolad.Inv.,20210711,10210.0,9700.0,10180.0,114625481580,11264841,1130,D,9730.0,10090.0
3771,Tukafoolad.Inv.,20210712,10440.0,9700.0,10050.0,88151440840,8770437,1387,D,10180.0,9800.0
3772,Tukafoolad.Inv.,20210713,10050.0,9650.0,9810.0,57591477350,5868436,1038,D,10050.0,9660.0
3773,Tukafoolad.Inv.,20210714,9870.0,9350.0,9590.0,111337364220,11603961,1374,D,9810.0,9700.0
3774,Tukafoolad.Inv.,20210717,9930.0,9300.0,9520.0,75426798220,7924718,1083,D,9590.0,9420.0
3775,Tukafoolad.Inv.,20210718,9510.0,9150.0,9270.0,44987400660,4855008,1281,D,9520.0,9310.0
3776,Tukafoolad.Inv.,20210719,9630.0,9130.0,9520.0,63177110280,6635651,1253,D,9270.0,9520.0
3777,Tukafoolad.Inv.,20210726,9640.0,9210.0,9310.0,81076686670,8706217,1171,D,9520.0,9250.0
3778,Tukafoolad.Inv.,20210727,9440.0,8850.0,9000.0,54335384720,6036409,940,D,9310.0,8850.0
3779,Tukafoolad.Inv.,20210728,9200.0,8550.0,8790.0,70003436810,7965125,1488,D,9000.0,8810.0
3780,Tukafoolad.Inv.,20210731,9220.0,8720.0,9200.0,97201153110,10568664,608,D,8790.0,9220.0
3781,Tukafoolad.Inv.,20210801,9440.0,9150.0,9290.0,87535132330,9420527,1070,D,9200.0,9300.0
3782,Tukafoolad.Inv.,20210802,9500.0,9190.0,9370.0,48930959630,5219679,774,D,9290.0,9400.0
3783,Tukafoolad.Inv.,20210803,9830.0,9200.0,9800.0,313744670990,32022264,1298,D,9370.0,9830.0
3784,Tukafoolad.Inv.,20210804,10290.0,9940.0,10110.0,223347362490,22081192,1889,D,9800.0,10290.0
3785,Tukafoolad.Inv.,20210807,10610.0,9950.0,10370.0,197627694730,19066310,2450,D,10110.0,10210.0
3786,Tukafoolad.Inv.,20210808,10790.0,10100.0,10570.0,147705875820,13973900,1924,D,10370.0,10500.0
3787,Tukafoolad.Inv.,20210809,11090.0,10580.0,11060.0,267225262370,24157912,2176,D,10570.0,11090.0
3788,Tukafoolad.Inv.,20210810,11490.0,10950.0,11190.0,310670509830,27762829,2748,D,11060.0,11350.0
3789,Tukafoolad.Inv.,20210811,11740.0,11200.0,11700.0,137961777220,11789554,986,D,11190.0,11740.0
3790,Tukafoolad.Inv.,20210814,11980.0,11120.0,11250.0,322322746170,28655681,4676,D,11700.0,11250.0
3791,Tukafoolad.Inv.,20210815,11600.0,10960.0,11370.0,148101915460,13021119,1863,D,11250.0,11480.0
3792,Tukafoolad.Inv.,20210822,11750.0,11140.0,11370.0,191079644370,16799595,2885,D,11370.0,11320.0
3793,Tukafoolad.Inv.,20210823,11590.0,11160.0,11350.0,147689814060,13011023,1921,D,11370.0,11260.0
3794,Tukafoolad.Inv.,20210824,11910.0,11220.0,11860.0,184639154630,15571301,1975,D,11350.0,11910.0
3795,Tukafoolad.Inv.,20210825,12100.0,11400.0,11730.0,147911745160,12610654,1831,D,11860.0,11700.0
3796,Tukafoolad.Inv.,20210828,12300.0,11630.0,12000.0,197368444640,16447436,2284,D,11730.0,12240.0
3797,Tukafoolad.Inv.,20210829,12420.0,11400.0,11810.0,177932355210,15064519,2522,D,12000.0,11400.0
3798,Tukafoolad.Inv.,20210830,11460.0,11220.0,11220.0,80718818160,7191626,663,D,11810.0,11220.0
3799,Tukafoolad.Inv.,20210831,11100.0,10660.0,10700.0,139462987250,13034599,2018,D,11220.0,10660.0
3800,Tukafoolad.Inv.,20210901,11090.0,10480.0,10760.0,109775129540,10206009,1364,D,10700.0,10960.0
3801,Tukafoolad.Inv.,20210904,11140.0,10600.0,10850.0,157185330160,14488022,1867,D,10760.0,11000.0
3802,Tukafoolad.Inv.,20210905,11390.0,10710.0,11160.0,169099489310,15156456,1272,D,10850.0,11390.0
3803,Tukafoolad.Inv.,20210906,11710.0,11400.0,11690.0,327060834740,27972794,1805,D,11160.0,11500.0
3804,Tukafoolad.Inv.,20210907,11920.0,11340.0,11680.0,137372196230,11760750,1641,D,11690.0,11550.0
3805,Tukafoolad.Inv.,20210908,11920.0,11380.0,11740.0,88602216390,7544937,1396,D,11680.0,11900.0
3806,Tukafoolad.Inv.,20210911,12040.0,11370.0,11610.0,90782245580,7818969,901,D,11740.0,11400.0
3807,Tukafoolad.Inv.,20210912,11360.0,11030.0,11050.0,155960605650,14107762,927,D,11610.0,11200.0
3808,Tukafoolad.Inv.,20210913,11380.0,10530.0,10870.0,65399948840,6016376,776,D,11050.0,11000.0
3809,Tukafoolad.Inv.,20210914,11320.0,10880.0,11120.0,51736776870,4654633,759,D,10870.0,11220.0
3810,Tukafoolad.Inv.,20210915,11400.0,10600.0,11090.0,75204899200,6779946,995,D,11120.0,10990.0
3811,Tukafoolad.Inv.,20210918,11200.0,10540.0,10580.0,63022869940,5958482,452,D,11090.0,10540.0
3812,Tukafoolad.Inv.,20210919,10390.0,10060.0,10100.0,120490106090,11926115,953,D,10580.0,10220.0
3813,Tukafoolad.Inv.,20210920,10370.0,10000.0,10160.0,36754968240,3616475,498,D,10100.0,10150.0
3814,Tukafoolad.Inv.,20210921,10160.0,9660.0,9680.0,130708966620,13504385,777,D,10160.0,9660.0
3815,Tukafoolad.Inv.,20210922,9690.0,9200.0,9330.0,52040160800,5579024,703,D,9680.0,9590.0
3816,Tukafoolad.Inv.,20210925,9790.0,9390.0,9770.0,44270835740,4529353,527,D,9330.0,9790.0
3817,Tukafoolad.Inv.,20210926,10080.0,9550.0,9760.0,18817439440,1927375,487,D,9770.0,9770.0
3818,Tukafoolad.Inv.,20210928,9740.0,9300.0,9510.0,27168760530,2856868,709,D,9760.0,9600.0
3819,Tukafoolad.Inv.,20210929,9980.0,9350.0,9920.0,47177379370,4757672,1010,D,9510.0,9900.0
3820,Tukafoolad.Inv.,20211002,10320.0,9680.0,10090.0,34547476280,3422541,665,D,9920.0,9890.0
3821,Tukafoolad.Inv.,20211003,10000.0,9590.0,9650.0,52845876360,5476093,775,D,10090.0,9640.0
3822,Tukafoolad.Inv.,20211004,9910.0,9530.0,9690.0,24493585280,2528273,432,D,9650.0,9650.0
3823,Tukafoolad.Inv.,20211006,9790.0,9410.0,9510.0,29225876410,3073966,561,D,9690.0,9500.0
3824,Tukafoolad.Inv.,20211009,9650.0,9240.0,9410.0,18983529300,2017459,337,D,9510.0,9350.0
3825,Tukafoolad.Inv.,20211010,9320.0,8990.0,9120.0,23231814040,2548597,424,D,9410.0,9120.0
3826,Tukafoolad.Inv.,20211011,9200.0,8780.0,8980.0,39482271250,4396080,576,D,9120.0,8850.0
3827,Tukafoolad.Inv.,20211012,8970.0,8600.0,8730.0,21608525660,2475470,461,D,8980.0,8710.0
3828,Tukafoolad.Inv.,20211013,8780.0,8300.0,8350.0,69632415750,8338882,579,D,8730.0,8430.0
3829,Tukafoolad.Inv.,20211016,8760.0,8420.0,8750.0,49828574190,5692180,210,D,8350.0,8760.0
3830,Tukafoolad.Inv.,20211017,9050.0,8330.0,8580.0,68530278320,7989718,837,D,8750.0,8490.0
3831,Tukafoolad.Inv.,20211018,8700.0,8190.0,8460.0,58245465400,6883069,1202,D,8580.0,8700.0
3832,Tukafoolad.Inv.,20211019,8870.0,8480.0,8700.0,21349540130,2453515,398,D,8460.0,8730.0
3833,Tukafoolad.Inv.,20211020,8920.0,8600.0,8800.0,21794209510,2475669,758,D,8700.0,8850.0
3834,Tukafoolad.Inv.,20211023,8820.0,8410.0,8570.0,26395453950,3081525,422,D,8800.0,8610.0
3835,Tukafoolad.Inv.,20211025,8680.0,8220.0,8400.0,15881560230,1891268,306,D,8570.0,8400.0
3836,Tukafoolad.Inv.,20211026,8580.0,8200.0,8320.0,33569318180,4035786,375,D,8400.0,8200.0
3837,Tukafoolad.Inv.,20211027,8600.0,8160.0,8340.0,26964213870,3233208,413,D,8320.0,8380.0
3838,Tukafoolad.Inv.,20211030,8380.0,7950.0,8010.0,42584458900,5314237,567,D,8340.0,8020.0
3839,Tukafoolad.Inv.,20211031,8000.0,7610.0,7620.0,155295136300,20390954,815,D,8010.0,7660.0
3840,Tukafoolad.Inv.,20211101,7980.0,7530.0,7660.0,36238510110,4732306,499,D,7620.0,7570.0
3841,Tukafoolad.Inv.,20211102,7980.0,7390.0,7750.0,24991191220,3226322,445,D,7660.0,7800.0
3842,Tukafoolad.Inv.,20211103,8130.0,7600.0,7960.0,29458293670,3701333,457,D,7750.0,8130.0
3843,Tukafoolad.Inv.,20211106,8350.0,8200.0,8320.0,14566014970,1745701,163,D,7960.0,8350.0
3844,Tukafoolad.Inv.,20211107,8540.0,8020.0,8230.0,32368220170,3930751,772,D,8320.0,8140.0
3845,Tukafoolad.Inv.,20211108,8640.0,8010.0,8590.0,86283957190,10048237,808,D,8230.0,8640.0
3846,Tukafoolad.Inv.,20211109,9000.0,8610.0,8790.0,45883653850,5221587,660,D,8590.0,8790.0
3847,Tukafoolad.Inv.,20211110,8980.0,8700.0,8860.0,32448075820,3661993,523,D,8790.0,8860.0
3848,Tukafoolad.Inv.,20211113,8800.0,8450.0,8620.0,34838371270,4039437,422,D,8860.0,8680.0
3849,Tukafoolad.Inv.,20211114,8930.0,8500.0,8630.0,20117180890,2332073,366,D,8620.0,8630.0
3850,Tukafoolad.Inv.,20211115,8640.0,8320.0,8450.0,13353972920,1582120,256,D,8630.0,8350.0
3851,Tukafoolad.Inv.,20211116,8840.0,8380.0,8550.0,15320186820,1792140,305,D,8450.0,8590.0
3852,Tukafoolad.Inv.,20211117,8970.0,8380.0,8870.0,38251984140,4313127,502,D,8550.0,8970.0
3853,Tukafoolad.Inv.,20211120,9240.0,8520.0,8740.0,20042529450,2292707,394,D,8870.0,8650.0
3854,Tukafoolad.Inv.,20211121,9140.0,8470.0,8820.0,45862431230,5202541,458,D,8740.0,8890.0
3855,Tukafoolad.Inv.,20211122,9160.0,8710.0,8860.0,32887573830,3711955,466,D,8820.0,8890.0
3856,Tukafoolad.Inv.,20211123,8930.0,8690.0,8810.0,18150681920,2059398,471,D,8860.0,8700.0
3857,Tukafoolad.Inv.,20211124,8880.0,8550.0,8680.0,19667531130,2265930,312,D,8810.0,8630.0
3858,Tukafoolad.Inv.,20211127,8530.0,8250.0,8250.0,63041742740,7639384,470,D,8680.0,8250.0
3859,Tukafoolad.Inv.,20211128,8210.0,7900.0,8030.0,14772725360,1839603,321,D,8250.0,7960.0
3860,Tukafoolad.Inv.,20211129,8180.0,7900.0,7970.0,19950172740,2501795,247,D,8030.0,8050.0
3861,Tukafoolad.Inv.,20211130,8100.0,7900.0,7960.0,17264386380,2169205,272,D,7970.0,7990.0
3862,Tukafoolad.Inv.,20211201,8350.0,7920.0,8210.0,44163641510,5376042,671,D,7960.0,8180.0
3863,Tukafoolad.Inv.,20211204,8400.0,7900.0,8070.0,18664242380,2312141,302,D,8210.0,8010.0
3864,Tukafoolad.Inv.,20211205,8130.0,7900.0,8030.0,16248534210,2023318,275,D,8070.0,8110.0
3865,Tukafoolad.Inv.,20211206,8120.0,7930.0,8000.0,12212143320,1527755,231,D,8030.0,7970.0
3866,Tukafoolad.Inv.,20211207,8090.0,7890.0,7990.0,20842621340,2609169,253,D,8000.0,7950.0
3867,Tukafoolad.Inv.,20211208,8220.0,7890.0,8030.0,37686216450,4691057,417,D,7990.0,8140.0
3868,Tukafoolad.Inv.,20211211,8300.0,7850.0,7980.0,32607037940,4084413,341,D,8030.0,7850.0
3869,Tukafoolad.Inv.,20211212,7970.0,7660.0,7730.0,13762408550,1783263,204,D,7980.0,7710.0
3870,Tukafoolad.Inv.,20211213,7950.0,7350.0,7420.0,33225788600,4477067,349,D,7730.0,7350.0
3871,Tukafoolad.Inv.,20211214,7500.0,7100.0,7210.0,18875390520,2617264,216,D,7420.0,7200.0
3872,Tukafoolad.Inv.,20211215,7470.0,7080.0,7170.0,20266680590,2827109,199,D,7210.0,7200.0
3873,Tukafoolad.Inv.,20211218,7260.0,6980.0,7100.0,27151481060,3822078,383,D,7170.0,7200.0
3874,Tukafoolad.Inv.,20211219,7200.0,6750.0,6810.0,29213320050,4290212,361,D,7100.0,6860.0
3875,Tukafoolad.Inv.,20211220,7140.0,6600.0,6930.0,16889045880,2438585,225,D,6810.0,6980.0
3876,Tukafoolad.Inv.,20211221,7270.0,6900.0,7190.0,21367784260,2970710,253,D,6930.0,7270.0
3877,Tukafoolad.Inv.,20211222,7540.0,7250.0,7330.0,6759842750,899897,117,D,7190.0,7540.0
3878,Tukafoolad.Inv.,20211225,7690.0,7510.0,7680.0,67934360780,8841776,978,D,7330.0,7520.0
3879,Tukafoolad.Inv.,20211226,7890.0,7350.0,7690.0,41190667570,5358671,787,D,7680.0,7810.0
3880,Tukafoolad.Inv.,20211227,8070.0,7510.0,8050.0,33466424670,4154786,406,D,7690.0,8010.0
3881,Tukafoolad.Inv.,20211228,8190.0,7800.0,8010.0,9028853820,1132215,241,D,8050.0,7880.0
3882,Tukafoolad.Inv.,20211229,8000.0,7650.0,7770.0,15168866990,1955378,256,D,8010.0,7730.0
3883,Tukafoolad.Inv.,20220101,7780.0,7500.0,7670.0,8603587150,1130890,257,D,7770.0,7610.0
3884,Tukafoolad.Inv.,20220102,7920.0,7400.0,7760.0,10495083580,1345617,604,D,7670.0,7800.0
3885,Tukafoolad.Inv.,20220103,7960.0,7500.0,7650.0,22038531470,2881328,383,D,7760.0,7590.0
3886,Tukafoolad.Inv.,20220104,7690.0,7340.0,7370.0,14638094700,1986319,231,D,7650.0,7350.0
3887,Tukafoolad.Inv.,20220105,7300.0,7010.0,7240.0,7435935040,1042161,224,D,7370.0,7150.0
3888,Tukafoolad.Inv.,20220108,7300.0,7040.0,7200.0,7278936310,1016231,280,D,7240.0,7090.0
3889,Tukafoolad.Inv.,20220109,7320.0,6850.0,7000.0,9310478480,1349260,266,D,7200.0,6880.0
3890,Tukafoolad.Inv.,20220110,6980.0,6770.0,6940.0,7051782760,1026023,209,D,7000.0,6940.0
3891,Tukafoolad.Inv.,20220111,7180.0,6820.0,6930.0,8696065460,1256943,212,D,6940.0,6870.0
3892,Tukafoolad.Inv.,20220112,7080.0,6770.0,6880.0,17493273530,2540984,242,D,6930.0,6780.0
3893,Tukafoolad.Inv.,20220115,6800.0,6580.0,6640.0,18464577570,2780351,280,D,6880.0,6620.0
3894,Tukafoolad.Inv.,20220116,6730.0,6370.0,6550.0,14949913510,2281656,295,D,6640.0,6580.0
3895,Tukafoolad.Inv.,20220117,6730.0,6230.0,6400.0,23237042680,3628657,331,D,6550.0,6240.0
3896,Tukafoolad.Inv.,20220118,6240.0,6080.0,6080.0,49276182930,8099894,412,D,6400.0,6080.0
3897,Tukafoolad.Inv.,20220119,6130.0,5850.0,6000.0,9719182420,1627964,199,D,6080.0,6000.0
3898,Tukafoolad.Inv.,20220122,6100.0,5850.0,5890.0,21493651340,3652158,266,D,6000.0,5880.0
3899,Tukafoolad.Inv.,20220123,5970.0,5600.0,5750.0,9454106160,1665811,188,D,5890.0,5700.0
3900,Tukafoolad.Inv.,20220124,5700.0,5470.0,5490.0,45021769780,8204643,393,D,5750.0,5480.0
3901,Tukafoolad.Inv.,20220125,5430.0,5220.0,5230.0,33568625290,6415766,293,D,5490.0,5270.0
3902,Tukafoolad.Inv.,20220126,5490.0,5250.0,5360.0,7346150480,1342527,117,D,5230.0,5490.0
3903,Tukafoolad.Inv.,20220129,5620.0,5620.0,5440.0,4625355540,823017,53,D,5360.0,5620.0
3904,Tukafoolad.Inv.,20220130,5710.0,5710.0,5590.0,8869657050,1553355,79,D,5440.0,5710.0
3905,Tukafoolad.Inv.,20220131,5860.0,5860.0,5630.0,2203395160,376006,56,D,5590.0,5860.0
3906,Tukafoolad.Inv.,20220201,5910.0,5910.0,5800.0,9987108060,1689866,63,D,5630.0,5910.0
3907,Tukafoolad.Inv.,20220202,6090.0,6090.0,6090.0,18114138630,2974407,115,D,5800.0,6090.0
3908,Tukafoolad.Inv.,20220205,6390.0,6190.0,6360.0,161254458370,25352776,1461,D,6090.0,6210.0
3909,Tukafoolad.Inv.,20220206,6290.0,6050.0,6080.0,39907690960,6567040,370,D,6360.0,6050.0
3910,Tukafoolad.Inv.,20220207,6380.0,5860.0,6360.0,124728077720,19601778,1747,D,6080.0,6380.0
3911,Tukafoolad.Inv.,20220208,6590.0,6120.0,6280.0,38111364690,6064435,762,D,6360.0,6180.0
3912,Tukafoolad.Inv.,20220209,6270.0,6100.0,6150.0,19259638010,3131345,457,D,6280.0,6200.0
3913,Tukafoolad.Inv.,20220212,6240.0,6030.0,6140.0,22150557370,3609654,295,D,6150.0,6030.0
3914,Tukafoolad.Inv.,20220213,6200.0,5890.0,6080.0,23019422620,3787801,410,D,6140.0,6110.0
3915,Tukafoolad.Inv.,20220214,6300.0,5910.0,6200.0,16723983380,2698448,337,D,6080.0,6180.0
3916,Tukafoolad.Inv.,20220216,6300.0,6010.0,6090.0,13240081950,2177340,238,D,6200.0,6100.0
3917,Tukafoolad.Inv.,20220219,6150.0,5910.0,6040.0,8536663310,1420364,279,D,6090.0,6050.0
3918,Tukafoolad.Inv.,20220220,6330.0,5860.0,6090.0,23061670250,3789599,474,D,6040.0,6130.0
3919,Tukafoolad.Inv.,20220221,6390.0,6100.0,6350.0,17160322340,2701144,254,D,6090.0,6390.0
3920,Tukafoolad.Inv.,20220222,6660.0,6660.0,6660.0,26199807300,3933905,174,D,6350.0,6660.0
3921,Tukafoolad.Inv.,20220223,6990.0,6700.0,6900.0,55937244890,8111708,580,D,6660.0,6990.0
3922,Tukafoolad.Inv.,20220226,7240.0,6740.0,7080.0,67920101870,9590062,1073,D,6900.0,6890.0
3923,Tukafoolad.Inv.,20220227,7200.0,6810.0,7050.0,53761183240,7631011,838,D,7080.0,6990.0
3924,Tukafoolad.Inv.,20220228,7160.0,6860.0,6960.0,35585447910,5110178,526,D,7050.0,6970.0
3925,Tukafoolad.Inv.,20220302,7100.0,6730.0,6840.0,13563803880,1987360,314,D,6960.0,6810.0
3926,Tukafoolad.Inv.,20220305,6970.0,6780.0,6860.0,37933627680,5530761,432,D,6840.0,6910.0
3927,Tukafoolad.Inv.,20220306,7190.0,6720.0,6940.0,39336057020,5669289,607,D,6860.0,7100.0
3928,Tukafoolad.Inv.,20220307,7280.0,6950.0,7160.0,35608803580,4976359,485,D,6940.0,7090.0
3929,Tukafoolad.Inv.,20220308,7250.0,6930.0,7090.0,22478283530,3168948,422,D,7160.0,7010.0
3930,Tukafoolad.Inv.,20220309,7200.0,6970.0,7060.0,26706463320,3784525,358,D,7090.0,7110.0
3931,Tukafoolad.Inv.,20220312,6970.0,6710.0,6750.0,35573979800,5270935,397,D,7060.0,6710.0
3932,Tukafoolad.Inv.,20220313,6890.0,6480.0,6690.0,21362916880,3195144,558,D,6750.0,6750.0
3933,Tukafoolad.Inv.,20220314,6990.0,6710.0,6840.0,15918388610,2327507,251,D,6690.0,6860.0
3934,Tukafoolad.Inv.,20220315,6890.0,6710.0,6800.0,10864085650,1600227,190,D,6840.0,6840.0
3935,Tukafoolad.Inv.,20220316,7000.0,6670.0,6830.0,17287978400,2531701,203,D,6800.0,6810.0
3936,Tukafoolad.Inv.,20220319,7170.0,6760.0,7100.0,30536410900,4302986,336,D,6830.0,7170.0
3937,Tukafoolad.Inv.,20220326,7450.0,7040.0,7400.0,36293852650,4901981,465,D,7100.0,7450.0
3938,Tukafoolad.Inv.,20220327,7770.0,7400.0,7670.0,32440809290,4227989,441,D,7400.0,7770.0
3939,Tukafoolad.Inv.,20220328,8030.0,7650.0,7860.0,31861003030,4052065,444,D,7670.0,8000.0
3940,Tukafoolad.Inv.,20220329,8060.0,7700.0,7810.0,14460358280,1854395,256,D,7860.0,7800.0
3941,Tukafoolad.Inv.,20220330,8180.0,7530.0,7930.0,16204791910,2042330,258,D,7810.0,7960.0
3942,Tukafoolad.Inv.,20220403,8320.0,7800.0,8260.0,36166101420,4378716,359,D,7930.0,8320.0
3943,Tukafoolad.Inv.,20220404,8450.0,7970.0,8200.0,31622376450,3854705,402,D,8260.0,8200.0
3944,Tukafoolad.Inv.,20220405,8300.0,7990.0,8140.0,24627480650,3027176,338,D,8200.0,8280.0
3945,Tukafoolad.Inv.,20220406,8300.0,8020.0,8120.0,31575526690,3889729,289,D,8140.0,8120.0
3946,Tukafoolad.Inv.,20220409,8210.0,7840.0,8080.0,20178804890,2496129,276,D,8120.0,8090.0
3947,Tukafoolad.Inv.,20220410,8350.0,8090.0,8230.0,20939941130,2544154,290,D,8080.0,8230.0
3948,Tukafoolad.Inv.,20220411,8350.0,8040.0,8160.0,18090926400,2217389,314,D,8230.0,8150.0
3949,Tukafoolad.Inv.,20220412,8140.0,7760.0,7800.0,28748281280,3687774,262,D,8160.0,7760.0
3950,Tukafoolad.Inv.,20220413,7800.0,7410.0,7480.0,74210730730,9921176,683,D,7800.0,7640.0
3951,Tukafoolad.Inv.,20220416,7760.0,7620.0,7660.0,42446718030,5539092,871,D,7480.0,7730.0
3952,Tukafoolad.Inv.,20220417,8040.0,7660.0,7880.0,35356056850,4488572,472,D,7660.0,8040.0
3953,Tukafoolad.Inv.,20220418,8280.0,7750.0,7990.0,39502779010,4944237,518,D,7880.0,7990.0
3954,Tukafoolad.Inv.,20220419,8460.0,7780.0,8410.0,152477081520,18137898,1101,D,7990.0,8460.0
3955,Tukafoolad.Inv.,20220420,8910.0,8500.0,8700.0,84754244090,9736750,1359,D,8410.0,8760.0
3956,Tukafoolad.Inv.,20220424,8990.0,8270.0,8690.0,45864315360,5280055,1009,D,8700.0,8640.0
3957,Tukafoolad.Inv.,20220425,9000.0,8450.0,8780.0,57372281820,6532067,785,D,8690.0,9000.0
3958,Tukafoolad.Inv.,20220426,9100.0,8610.0,8870.0,53958170700,6081984,742,D,8780.0,8970.0
3959,Tukafoolad.Inv.,20220427,9030.0,8660.0,8890.0,58664214380,6598389,659,D,8870.0,8980.0
3960,Tukafoolad.Inv.,20220430,9420.0,8840.0,9370.0,157342500660,16788333,989,D,8890.0,9420.0
3961,Tukafoolad.Inv.,20220501,9770.0,9000.0,9310.0,57585100400,6186543,784,D,9370.0,9230.0
3962,Tukafoolad.Inv.,20220502,9450.0,9100.0,9320.0,44836054580,4811915,531,D,9310.0,9400.0
3963,Tukafoolad.Inv.,20220507,9700.0,9210.0,9460.0,70362173790,7437160,813,D,9320.0,9600.0
3964,Tukafoolad.Inv.,20220508,10000.0,9500.0,9870.0,89991199590,9119479,1204,D,9460.0,10000.0
3965,Tukafoolad.Inv.,20220509,10030.0,9660.0,9860.0,86894907440,8813830,885,D,9870.0,9870.0
3966,Tukafoolad.Inv.,20220510,9950.0,9330.0,9750.0,87840437170,9008579,1186,D,9860.0,9810.0
3967,Tukafoolad.Inv.,20220511,10080.0,9780.0,9890.0,122670151560,12403324,850,D,9750.0,10080.0
3968,Tukafoolad.Inv.,20220514,10330.0,10000.0,10120.0,61739297330,6100069,787,D,9890.0,10050.0
3969,Tukafoolad.Inv.,20220515,10270.0,9700.0,10040.0,73504366400,7322940,673,D,10120.0,10270.0
3970,Tukafoolad.Inv.,20220516,10270.0,9880.0,10060.0,61252086340,6086876,770,D,10040.0,10220.0
3971,Tukafoolad.Inv.,20220517,10220.0,9550.0,9720.0,220483457090,22691530,1796,D,10060.0,9940.0
3972,Tukafoolad.Inv.,20220518,10000.0,9600.0,9770.0,72579156940,7426576,645,D,9720.0,10000.0
3973,Tukafoolad.Inv.,20220521,10180.0,9450.0,10010.0,79148352280,7903591,1299,D,9770.0,10140.0
3974,Tukafoolad.Inv.,20220522,10350.0,10000.0,10200.0,47044433520,4610189,661,D,10010.0,10200.0
3975,Tukafoolad.Inv.,20220523,10450.0,9910.0,10210.0,223153715610,21865418,1982,D,10200.0,10400.0
3976,Tukafoolad.Inv.,20220524,10350.0,10050.0,10230.0,81237017650,7941154,1735,D,10210.0,10300.0
3977,Tukafoolad.Inv.,20220525,10840.0,10230.0,10830.0,173227094830,15995344,1748,D,10230.0,10840.0
3978,Tukafoolad.Inv.,20220528,11220.0,10360.0,10670.0,94988894150,8898595,908,D,10830.0,10860.0
3979,Tukafoolad.Inv.,20220529,10890.0,10450.0,10640.0,63247835330,5945010,707,D,10670.0,10800.0
3980,Tukafoolad.Inv.,20220530,10980.0,10560.0,10830.0,44708640560,4128410,620,D,10640.0,10800.0
3981,Tukafoolad.Inv.,20220531,10900.0,10330.0,10750.0,87683645580,8156700,648,D,10830.0,10900.0
3982,Tukafoolad.Inv.,20220601,11210.0,10520.0,10970.0,85832800320,7823687,693,D,10750.0,11200.0
3983,Tukafoolad.Inv.,20220606,11250.0,10520.0,10700.0,50653952900,4734038,524,D,10970.0,10900.0
3984,Tukafoolad.Inv.,20220607,11080.0,10600.0,10940.0,93127430050,8510076,658,D,10700.0,10900.0
3985,Tukafoolad.Inv.,20220608,11100.0,10720.0,10960.0,166287645240,15173859,505,D,10940.0,11000.0
3986,Tukafoolad.Inv.,20220611,11070.0,10600.0,10980.0,99220782860,9034108,627,D,10960.0,11000.0
3987,Tukafoolad.Inv.,20220612,11010.0,10780.0,10960.0,60119104950,5484681,468,D,10980.0,11000.0
3988,Tukafoolad.Inv.,20220613,11160.0,10920.0,11010.0,48560918160,4409368,468,D,10960.0,11010.0
3989,Tukafoolad.Inv.,20220614,11670.0,10900.0,11270.0,95521529380,8474876,745,D,11010.0,11670.0
3990,Tukafoolad.Inv.,20220620,11200.0,11000.0,11030.0,25508283460,2312972,150,D,10950.0,11200.0
3991,Tukafoolad.Inv.,20220621,11200.0,10800.0,11020.0,58355351560,5297681,459,D,11030.0,11100.0
3992,Tukafoolad.Inv.,20220622,11180.0,10850.0,11020.0,46858576950,4251686,392,D,11020.0,11100.0
3993,Tukafoolad.Inv.,20220625,11160.0,10630.0,11020.0,90320452030,8196429,535,D,11020.0,10950.0
3994,Tukafoolad.Inv.,20220626,11040.0,10800.0,10960.0,80692608670,7361485,557,D,11020.0,11020.0
3995,Tukafoolad.Inv.,20220627,11240.0,10530.0,11080.0,94893848350,8567207,470,D,10960.0,10950.0
3996,Tukafoolad.Inv.,20220628,11200.0,10600.0,11060.0,51210846560,4632352,411,D,11080.0,11110.0
3997,Tukafoolad.Inv.,20220629,11720.0,10790.0,11440.0,149490433070,13065567,732,D,11060.0,11720.0
3998,Tukafoolad.Inv.,20220702,11900.0,11050.0,11390.0,31614333500,2775153,464,D,11440.0,11360.0
3999,Tukafoolad.Inv.,20220703,11900.0,11100.0,11370.0,59572914550,5241786,514,D,11390.0,11250.0
4000,Tukafoolad.Inv.,20220704,11750.0,10910.0,11080.0,40884643490,3688516,462,D,11370.0,11100.0
4001,Tukafoolad.Inv.,20220705,11020.0,10620.0,10800.0,40708822060,3769287,379,D,11080.0,10630.0
4002,Tukafoolad.Inv.,20220706,10830.0,10160.0,10180.0,169162669410,16612257,1370,D,10800.0,10160.0
4003,Tukafoolad.Inv.,20220709,10290.0,9590.0,9930.0,46874213340,4718813,662,D,10180.0,10180.0
4004,Tukafoolad.Inv.,20220711,10200.0,9520.0,9830.0,58652784940,5965585,603,D,9930.0,9880.0
4005,Tukafoolad.Inv.,20220712,10110.0,9500.0,9930.0,82750771560,8336092,583,D,9830.0,10090.0
4006,Tukafoolad.Inv.,20220713,10520.0,10000.0,10420.0,90447133420,8681940,667,D,9930.0,10520.0
4007,Tukafoolad.Inv.,20220716,10750.0,10000.0,10350.0,24268666680,2344934,330,D,10420.0,10410.0
4008,Tukafoolad.Inv.,20220717,10580.0,10180.0,10340.0,57143689690,5524954,379,D,10350.0,10300.0
4009,Tukafoolad.Inv.,20220719,10930.0,10200.0,10680.0,59546818290,5576051,374,D,10340.0,10910.0
4010,Tukafoolad.Inv.,20220720,10840.0,10460.0,10680.0,31244432840,2926700,389,D,10680.0,10780.0
4011,Tukafoolad.Inv.,20220723,10790.0,10310.0,10670.0,61335641340,5750773,380,D,10680.0,10680.0
4012,Tukafoolad.Inv.,20220724,10740.0,10350.0,10580.0,31935155930,3019246,286,D,10670.0,10550.0
4013,Tukafoolad.Inv.,20220725,10580.0,9950.0,10360.0,83556025380,8066380,540,D,10580.0,10520.0
4014,Tukafoolad.Inv.,20220726,10380.0,10000.0,10220.0,7987892230,792196,164,D,10360.0,10060.0
4015,Tukafoolad.Inv.,20220727,10290.0,9880.0,10150.0,9282215960,919549,197,D,10220.0,9980.0
4016,Tukafoolad.Inv.,20220730,10100.0,9550.0,9640.0,30593527170,3174294,329,D,10150.0,9560.0
4017,Tukafoolad.Inv.,20220731,9730.0,9070.0,9120.0,13954460140,1534036,194,D,9640.0,9070.0
4018,Tukafoolad.Inv.,20220801,9180.0,8700.0,9110.0,7618686360,837710,132,D,9120.0,9040.0
4019,Tukafoolad.Inv.,20220802,9470.0,8860.0,9040.0,7060634080,786677,136,D,9110.0,8930.0
4020,Tukafoolad.Inv.,20220803,9200.0,9000.0,9040.0,3861810780,426338,90,D,9040.0,9100.0
4021,Tukafoolad.Inv.,20220806,9380.0,9000.0,9060.0,5736739310,630289,186,D,9040.0,9160.0
4022,Tukafoolad.Inv.,20220809,9340.0,8720.0,8990.0,6505385140,730866,133,D,9060.0,9000.0
4023,Tukafoolad.Inv.,20220810,9100.0,8670.0,8910.0,6270896020,712780,114,D,8990.0,8720.0
4024,Tukafoolad.Inv.,20220813,9100.0,8570.0,8850.0,14565152080,1646825,295,D,8910.0,8800.0
4025,Tukafoolad.Inv.,20220814,9000.0,8500.0,8770.0,5587013930,646218,180,D,8850.0,8540.0
4026,Tukafoolad.Inv.,20220815,8800.0,8460.0,8650.0,8919367960,1039350,208,D,8770.0,8590.0
4027,Tukafoolad.Inv.,20220816,8640.0,8140.0,8450.0,9657047250,1155192,400,D,8650.0,8300.0
4028,Tukafoolad.Inv.,20220817,8350.0,8100.0,8320.0,7278184470,888134,188,D,8450.0,8180.0
4029,Tukafoolad.Inv.,20220820,8380.0,8040.0,8270.0,3969181990,487404,127,D,8320.0,8230.0
4030,Tukafoolad.Inv.,20220821,8370.0,8100.0,8230.0,6461672190,791040,246,D,8270.0,8120.0
4031,Tukafoolad.Inv.,20220822,8160.0,7900.0,8100.0,7671694320,960373,217,D,8230.0,7970.0
4032,Tukafoolad.Inv.,20220823,8110.0,7800.0,7990.0,9014309070,1137775,348,D,8100.0,7960.0
4033,Tukafoolad.Inv.,20220824,8460.0,7850.0,8390.0,32800407120,3908137,756,D,7990.0,8460.0
4034,Tukafoolad.Inv.,20220827,8680.0,8100.0,8350.0,13747679120,1646609,443,D,8390.0,8190.0
4035,Tukafoolad.Inv.,20220828,8850.0,8080.0,8720.0,58085037600,6663763,1219,D,8350.0,8850.0
4036,Tukafoolad.Inv.,20220829,9100.0,8720.0,8930.0,29969944440,3356737,710,D,8720.0,8770.0
4037,Tukafoolad.Inv.,20220830,8980.0,8640.0,8850.0,10374376360,1178685,340,D,8930.0,8770.0
4038,Tukafoolad.Inv.,20220831,8920.0,8560.0,8770.0,9817554500,1125174,300,D,8850.0,8710.0
4039,Tukafoolad.Inv.,20220903,8860.0,8470.0,8700.0,12677623830,1458572,381,D,8770.0,8770.0
4040,Tukafoolad.Inv.,20220904,8880.0,8570.0,8700.0,6118123250,703620,227,D,8700.0,8610.0
4041,Tukafoolad.Inv.,20220905,8800.0,8500.0,8640.0,6957905460,811873,239,D,8700.0,8510.0
4042,Tukafoolad.Inv.,20220906,8740.0,8250.0,8510.0,7777030510,926164,294,D,8640.0,8350.0
4043,Tukafoolad.Inv.,20220907,8490.0,8000.0,8110.0,26897634360,3316691,577,D,8510.0,8140.0
4044,Tukafoolad.Inv.,20220910,8170.0,7700.0,7950.0,9649479710,1225246,329,D,8110.0,7850.0
4045,Tukafoolad.Inv.,20220911,7990.0,7620.0,7800.0,13075584420,1678920,357,D,7950.0,7780.0
4046,Tukafoolad.Inv.,20220912,7930.0,7640.0,7760.0,9820036770,1267468,239,D,7800.0,7790.0
4047,Tukafoolad.Inv.,20220913,7800.0,7500.0,7710.0,10436946530,1357171,307,D,7760.0,7720.0
4048,Tukafoolad.Inv.,20220914,7810.0,7560.0,7680.0,14083748520,1833734,270,D,7710.0,7620.0
4049,Tukafoolad.Inv.,20220918,7750.0,7590.0,7630.0,21346607330,2798747,366,D,7680.0,7680.0
4050,Tukafoolad.Inv.,20220919,7790.0,7520.0,7620.0,8447983050,1108866,225,D,7630.0,7520.0
4051,Tukafoolad.Inv.,20220920,8090.0,7470.0,7930.0,44014649530,5553852,1006,D,7620.0,8010.0
4052,Tukafoolad.Inv.,20220921,8200.0,7720.0,7960.0,17184535300,2158290,492,D,7930.0,7810.0
4053,Tukafoolad.Inv.,20220924,7900.0,7410.0,7520.0,14311786320,1902606,363,D,7960.0,7480.0
4054,Tukafoolad.Inv.,20220926,7630.0,7200.0,7450.0,13030962290,1750580,388,D,7520.0,7390.0
4055,Tukafoolad.Inv.,20220928,7680.0,7190.0,7510.0,37615206100,5006746,544,D,7450.0,7450.0
4056,Tukafoolad.Inv.,20221001,7430.0,6990.0,7070.0,17589289060,2486388,434,D,7510.0,6990.0
4057,Tukafoolad.Inv.,20221002,7200.0,6800.0,6970.0,10918331240,1572245,321,D,7070.0,6820.0
4058,Tukafoolad.Inv.,20221003,6990.0,6660.0,6820.0,12914166730,1895495,336,D,6970.0,6710.0
4059,Tukafoolad.Inv.,20221004,6840.0,6550.0,6730.0,13561742570,2016096,277,D,6820.0,6840.0
4060,Tukafoolad.Inv.,20221008,7000.0,6710.0,6780.0,6925943810,1013712,207,D,6730.0,6800.0
4061,Tukafoolad.Inv.,20221009,6980.0,6430.0,6680.0,7272208770,1107109,210,D,6780.0,6550.0
4062,Tukafoolad.Inv.,20221010,6720.0,6530.0,6680.0,5602726020,838355,118,D,6680.0,6680.0
4063,Tukafoolad.Inv.,20221011,6850.0,6610.0,6690.0,10516669960,1569912,197,D,6680.0,6700.0
4064,Tukafoolad.Inv.,20221012,6790.0,6540.0,6670.0,9143539080,1372342,154,D,6690.0,6660.0
4065,Tukafoolad.Inv.,20221015,6760.0,6410.0,6560.0,12099959700,1851544,147,D,6670.0,6560.0
4066,Tukafoolad.Inv.,20221016,6720.0,6380.0,6520.0,4057283810,632657,138,D,6560.0,6400.0
4067,Tukafoolad.Inv.,20221017,6560.0,6230.0,6280.0,18784039090,2993025,342,D,6520.0,6280.0
4068,Tukafoolad.Inv.,20221018,6560.0,6060.0,6390.0,51445222610,8050526,477,D,6280.0,6400.0
4069,Tukafoolad.Inv.,20221019,6830.0,6480.0,6810.0,91198600800,13399655,956,D,6390.0,6830.0
4070,Tukafoolad.Inv.,20221022,7280.0,6860.0,7150.0,55878640590,7815587,992,D,6810.0,7020.0
4071,Tukafoolad.Inv.,20221023,7020.0,6710.0,6830.0,34589109970,5066652,579,D,7150.0,6890.0
4072,Tukafoolad.Inv.,20221024,6900.0,6420.0,6560.0,15898783140,2422055,303,D,6830.0,6650.0
4073,Tukafoolad.Inv.,20221025,6640.0,6270.0,6430.0,12908758520,2011008,274,D,6560.0,6320.0
4074,Tukafoolad.Inv.,20221026,6300.0,6070.0,6150.0,21158951050,3443108,365,D,6430.0,6200.0
4075,Tukafoolad.Inv.,20221029,6240.0,6000.0,6100.0,12181539220,1999447,237,D,6150.0,6080.0
4076,Tukafoolad.Inv.,20221030,6240.0,5950.0,6110.0,10266851510,1677527,211,D,6100.0,6200.0
4077,Tukafoolad.Inv.,20221031,6420.0,6170.0,6180.0,5672804080,899156,149,D,6110.0,6350.0
4078,Tukafoolad.Inv.,20221101,6610.0,6250.0,6570.0,20331907740,3096604,328,D,6180.0,6610.0
4079,Tukafoolad.Inv.,20221102,6730.0,6490.0,6580.0,10276634220,1559775,212,D,6570.0,6690.0
4080,Tukafoolad.Inv.,20221105,7040.0,6690.0,6990.0,17931297650,2564421,268,D,6580.0,7040.0
4081,Tukafoolad.Inv.,20221106,7250.0,7000.0,7170.0,23986642840,3346497,487,D,6990.0,7210.0
4082,Tukafoolad.Inv.,20221107,7670.0,7140.0,7560.0,33628990390,4445853,316,D,7170.0,7670.0
4083,Tukafoolad.Inv.,20221108,7980.0,7220.0,7490.0,27939238350,3730709,350,D,7560.0,7370.0
4084,Tukafoolad.Inv.,20221109,7690.0,7200.0,7370.0,37313587140,5065664,332,D,7490.0,7530.0
4085,Tukafoolad.Inv.,20221112,7670.0,7320.0,7460.0,11967623140,1599335,200,D,7370.0,7460.0
4086,Tukafoolad.Inv.,20221113,7500.0,7280.0,7450.0,6276257040,843701,171,D,7460.0,7380.0
4087,Tukafoolad.Inv.,20221114,7480.0,7270.0,7400.0,9078938270,1232278,191,D,7450.0,7400.0
4088,Tukafoolad.Inv.,20221115,7580.0,7260.0,7460.0,8712708820,1160449,184,D,7400.0,7550.0
4089,Tukafoolad.Inv.,20221116,7870.0,7450.0,7700.0,25403046380,3299176,340,D,7460.0,7710.0
4090,Tukafoolad.Inv.,20221119,7880.0,7450.0,7600.0,8688702380,1152582,196,D,7700.0,7510.0
4091,Tukafoolad.Inv.,20221120,7780.0,7550.0,7600.0,9423886760,1239483,209,D,7600.0,7600.0
4092,Tukafoolad.Inv.,20221121,7810.0,7610.0,7710.0,10093408710,1300087,184,D,7600.0,7720.0
4093,Tukafoolad.Inv.,20221122,7800.0,7470.0,7620.0,9607743700,1269342,166,D,7710.0,7650.0
4094,Tukafoolad.Inv.,20221123,7660.0,7530.0,7600.0,7099109500,937018,161,D,7620.0,7630.0
4095,Tukafoolad.Inv.,20221126,7660.0,7420.0,7570.0,8383649940,1110201,186,D,7600.0,7550.0
4096,Tukafoolad.Inv.,20221127,7600.0,7440.0,7560.0,3967636170,525822,114,D,7570.0,7490.0
4097,Tukafoolad.Inv.,20221128,7590.0,7480.0,7540.0,5939348150,791578,146,D,7560.0,7570.0
4098,Tukafoolad.Inv.,20221129,7640.0,7480.0,7560.0,5846020320,770850,147,D,7540.0,7570.0
4099,Tukafoolad.Inv.,20221130,7860.0,7560.0,7630.0,5946905530,769351,236,D,7560.0,7700.0
4100,Tukafoolad.Inv.,20221203,7850.0,7600.0,7660.0,7798083350,1014194,200,D,7630.0,7650.0
4101,Tukafoolad.Inv.,20221204,7780.0,7520.0,7650.0,8250822040,1078922,170,D,7660.0,7700.0
4102,Tukafoolad.Inv.,20221205,7750.0,7520.0,7660.0,7818883990,1019575,166,D,7650.0,7660.0
4103,Tukafoolad.Inv.,20221206,7720.0,7570.0,7620.0,16314633280,2140171,160,D,7660.0,7590.0
4104,Tukafoolad.Inv.,20221207,7670.0,7300.0,7540.0,10443855610,1392193,206,D,7620.0,7480.0
4105,Tukafoolad.Inv.,20221210,7540.0,7150.0,7360.0,10017592190,1375022,218,D,7540.0,7300.0
4106,Tukafoolad.Inv.,20221211,7450.0,7210.0,7340.0,5856169630,799749,117,D,7360.0,7370.0
4107,Tukafoolad.Inv.,20221212,7540.0,7230.0,7410.0,30801891340,4158228,266,D,7340.0,7470.0
4108,Tukafoolad.Inv.,20221213,7920.0,7450.0,7870.0,26479039040,3365461,385,D,7410.0,7920.0
4109,Tukafoolad.Inv.,20221214,8370.0,7930.0,8130.0,33832125950,4162217,598,D,7870.0,8010.0
4110,Tukafoolad.Inv.,20221217,8120.0,7920.0,8020.0,15760714810,1966233,326,D,8130.0,8110.0
4111,Tukafoolad.Inv.,20221218,8350.0,7900.0,8250.0,17253567340,2092479,304,D,8020.0,8270.0
4112,Tukafoolad.Inv.,20221219,8410.0,8030.0,8250.0,13127881770,1591036,255,D,8250.0,8120.0
4113,Tukafoolad.Inv.,20221220,8250.0,7930.0,8070.0,11271591840,1405452,222,D,8250.0,8090.0
4114,Tukafoolad.Inv.,20221221,8200.0,7900.0,7980.0,17680829700,2216491,275,D,8070.0,8050.0
4115,Tukafoolad.Inv.,20221224,8530.0,7900.0,8440.0,31593784150,3742540,356,D,7980.0,8530.0
4116,Tukafoolad.Inv.,20221225,8790.0,8550.0,8670.0,22103614060,2550642,408,D,8440.0,8690.0
4117,Tukafoolad.Inv.,20221226,8900.0,8520.0,8660.0,21696832480,2506789,352,D,8670.0,8900.0
4118,Tukafoolad.Inv.,20221228,9260.0,8900.0,9220.0,44334295480,4806160,578,D,8660.0,9260.0
4119,Tukafoolad.Inv.,20221231,9140.0,8580.0,8640.0,51942897110,6013419,601,D,9220.0,8580.0
4120,Tukafoolad.Inv.,20230101,9150.0,8280.0,8590.0,32190485770,3749127,440,D,8640.0,8430.0
4121,Tukafoolad.Inv.,20230102,8990.0,8590.0,8770.0,19521543310,2227112,326,D,8590.0,8680.0
4122,Tukafoolad.Inv.,20230103,8960.0,8410.0,8600.0,17603983980,2046628,278,D,8770.0,8420.0
4123,Tukafoolad.Inv.,20230104,8470.0,8150.0,8250.0,16843417710,2042306,401,D,8600.0,8220.0
4124,Tukafoolad.Inv.,20230107,8720.0,8210.0,8370.0,53962550180,6446227,533,D,8250.0,8440.0
4125,Tukafoolad.Inv.,20230108,8680.0,8400.0,8530.0,41455876430,4860943,559,D,8370.0,8540.0
4126,Tukafoolad.Inv.,20230109,8990.0,8540.0,8760.0,52883487980,6036163,671,D,8530.0,8820.0
4127,Tukafoolad.Inv.,20230110,9370.0,8980.0,9260.0,72691604000,7851906,922,D,8760.0,9100.0
4128,Tukafoolad.Inv.,20230111,9350.0,8730.0,9040.0,34746243960,3844135,535,D,9260.0,8880.0
4129,Tukafoolad.Inv.,20230114,9020.0,8470.0,8770.0,29609344520,3377956,472,D,9040.0,8800.0
4130,Tukafoolad.Inv.,20230116,9380.0,8760.0,9280.0,34733989160,3742612,464,D,8770.0,9320.0
4131,Tukafoolad.Inv.,20230117,9920.0,9300.0,9760.0,110070924580,11282142,1469,D,9280.0,9920.0
4132,Tukafoolad.Inv.,20230118,10220.0,9800.0,10010.0,72937082730,7285822,1480,D,9760.0,9840.0
4133,Tukafoolad.Inv.,20230121,10080.0,9310.0,9420.0,65561533480,6958546,1042,D,10010.0,9330.0
4134,Tukafoolad.Inv.,20230122,9690.0,8770.0,9020.0,40469559010,4485748,699,D,9420.0,9130.0
4135,Tukafoolad.Inv.,20230123,9330.0,8930.0,9040.0,37373065780,4132171,500,D,9020.0,8990.0
4136,Tukafoolad.Inv.,20230124,9210.0,8910.0,9030.0,15618146360,1730305,328,D,9040.0,9000.0
4137,Tukafoolad.Inv.,20230125,9250.0,8700.0,8840.0,26462911530,2994317,410,D,9030.0,8820.0
